6742 21216
10000
1 21216
1 14236
1 4553
1 25553
1 20109
1 32238
2 17357
2 6742
2 21159
1 6558
2 3055
1 7151
1 24252
2 17324
2 4135
2 2901
1 24655
2 12972
2 161
1 1814
1 16214
1 2883
2 3132
2 16913
2 15034
2 8366
1 9486
2 27645
1 5338
2 1340
1 5343
2 27107
2 4104
1 27343
1 25002
1 24223
1 15114
2 21343
1 544
1 868
1 3482
1 4470
1 25124
2 20533
2 21735
1 6325
2 14159
2 29804
2 28690
1 7758
2 9582
2 7990
1 23730
1 2440
1 13055
2 6164
1 4944
2 13374
2 3512
2 10076
2 13291
2 31584
2 7936
1 20151
1 629
1 8049
2 28788
2 20897
2 13140
2 29959
2 24675
1 3564
2 2019
1 25934
1 9810
1 9277
2 15087
2 16005
2 10105
1 28813
2 15674
1 21631
2 6980
2 21161
2 16891
2 28964
2 32723
2 18099
2 7003
1 5357
2 24187
1 19871
2 26361
2 1900
2 24642
2 9654
2 2664
1 14274
2 12903
2 21270
2 32684
1 27942
1 15064
2 30768
2 29121
2 18277
1 7353
2 32329
2 10516
1 3932
2 3300
1 3578
1 18439
1 22400
2 30308
1 22448
2 22385
2 27735
1 28409
2 11308
2 8988
1 5372
2 31639
1 25860
2 26181
1 9119
2 9446
2 7457
2 18464
1 22018
1 23491
2 14655
2 10321
2 1533
2 11710
2 16495
1 15220
2 10747
2 18842
2 1176
2 30614
1 9595
2 21456
2 6898
1 20665
2 27024
2 2829
2 9354
1 17749
2 25953
2 15535
1 26305
1 15057
1 18090
1 2380
2 13261
2 10766
1 2617
1 31019
2 9014
2 7133
1 23665
1 24777
2 6746
1 30083
1 18891
1 5461
1 9450
1 5436
1 16208
1 28980
1 7531
1 16053
1 23328
1 10366
1 9653
1 22417
2 3311
1 28031
2 28535
1 29669
1 1666
2 25911
1 21681
1 12988
1 31798
1 27610
1 16441
1 27284
2 13690
2 10577
2 26167
2 9695
2 27984
2 30135
1 19625
1 28547
1 720
1 3549
1 9184
1 28506
1 31141
1 6087
1 28416
1 22194
1 19085
1 30509
1 31876
1 7374
1 989
2 29178
1 11960
2 2915
1 14843
2 9424
2 5181
2 6941
1 18403
1 18306
2 20616
2 8216
2 24483
2 16792
1 21603
2 18022
1 27358
1 3791
2 26219
2 24207
1 15180
1 29591
1 31633
2 31245
2 2872
1 403
2 24473
2 22476
1 19970
1 27676
2 11678
1 8368
2 20635
1 11455
1 6283
1 29711
2 10763
2 30650
1 931
2 17458
2 31726
1 131
1 27387
1 728
1 754
2 3649
1 7163
1 7603
2 30555
2 24657
1 15840
1 19177
1 15744
1 25282
1 10813
2 9621
2 26188
1 13017
2 5493
1 6723
2 32701
2 29582
2 1859
2 9080
2 13672
2 29197
1 9010
2 22055
1 16627
2 6710
1 16677
1 15933
1 10905
1 15133
1 21969
2 2838
1 22954
1 7051
2 11069
2 3077
2 29960
1 24187
2 26953
1 31953
1 5035
2 14238
2 28196
1 8754
2 15646
2 28632
1 30421
1 13912
1 14848
1 14784
2 6067
1 9572
1 13444
2 22052
2 1261
2 6637
1 10481
1 2179
1 11010
2 22909
2 9763
2 23441
1 5962
2 28945
1 24072
1 13750
2 12395
1 12701
2 1572
1 15759
1 16101
2 31877
1 2061
1 3691
1 17799
2 24613
2 495
1 15568
2 10743
1 1098
2 5898
1 10996
1 11567
2 26294
1 4143
2 11588
2 13306
1 26528
2 19527
2 32481
2 24443
1 9778
1 204
1 1565
1 30118
2 11530
1 19021
1 26882
1 6597
2 28345
2 3311
1 29132
1 21748
2 4679
2 9446
2 17258
2 28325
2 4013
1 26368
2 24065
2 5405
1 7257
1 28955
1 29545
1 22005
2 26541
1 19114
2 2990
1 26267
1 10113
2 21812
1 31120
1 15566
1 29853
1 3284
2 7939
2 30501
2 30527
1 6330
1 432
1 5513
2 25499
2 11177
1 12146
1 438
2 18006
1 13431
1 29402
1 26558
2 8458
2 24208
1 22444
1 24198
1 22213
1 25203
2 32607
2 24647
1 26762
2 9780
2 17825
2 4879
2 462
1 11768
2 13520
1 24893
2 21756
1 23676
1 19074
2 25096
2 18418
2 910
1 3071
1 4601
1 28802
2 17554
2 27330
1 23404
1 24818
2 16639
2 30971
1 28435
1 17532
1 6880
1 28175
1 27763
1 19407
2 17747
2 31511
1 23141
1 27020
2 9485
1 28509
2 28566
2 24265
1 212
2 11490
2 11015
2 6033
1 16899
1 27867
1 15502
2 22370
1 1290
2 21551
1 15700
2 13742
1 31211
1 22522
2 14421
1 27227
2 5310
2 29198
2 739
2 27204
2 3630
2 9580
1 25890
2 21429
2 13306
1 21199
1 4749
2 10994
1 2421
2 23842
2 29296
1 26289
2 14342
2 7685
1 14445
1 19612
2 20393
1 10828
2 19703
1 7632
2 22380
1 26240
2 1498
2 4960
2 11763
2 27484
1 11953
2 10962
2 14837
2 14929
2 24942
2 17057
2 27324
2 16899
1 11989
1 1721
1 2216
2 13001
2 5889
2 11519
2 21933
1 9009
1 20958
2 454
1 32209
2 1145
2 26541
1 17499
2 22447
1 26391
2 6532
2 21370
2 29942
2 3891
2 6603
2 10711
1 746
1 22824
2 5312
1 10902
2 31458
2 28166
1 2292
1 15827
2 8905
1 18450
2 28619
2 15643
1 23966
1 1861
2 13824
1 12272
2 19444
2 5577
2 1055
1 22601
2 15474
2 7295
1 22281
2 3856
1 27731
1 18300
2 26740
2 28834
2 6119
2 23175
1 26472
1 22867
1 23313
2 5532
1 195
1 12775
2 25031
1 26988
1 14261
1 3098
2 26773
1 31707
1 3653
1 3865
2 3355
1 31873
2 32202
2 13319
1 28298
2 18730
2 16243
2 21113
1 7722
1 25174
1 25792
1 31994
1 24535
2 12217
2 16391
1 11655
2 14976
1 5308
2 7408
2 16916
1 22695
2 21754
2 18681
2 18694
1 14563
2 18628
2 27634
1 7607
2 11873
2 24989
2 12417
1 21749
1 12638
1 32447
2 15520
1 31107
1 32687
1 4500
1 31259
2 6294
1 3386
2 4670
1 12051
2 7769
2 17530
1 17424
2 26237
1 618
2 5887
1 18962
2 10403
2 17499
1 24044
2 2945
2 930
2 14386
1 2679
1 26700
1 25578
2 8937
1 9836
1 15769
1 15553
1 9966
1 9386
1 14910
1 193
2 164
1 420
2 840
1 27221
2 4832
1 13281
1 10359
1 5184
2 17261
2 27773
2 26816
2 25111
1 10121
2 10150
1 18122
2 14529
1 102
1 3360
2 28017
2 1790
2 1962
2 8385
2 25670
2 7645
2 3056
1 17142
2 5133
1 22853
1 23876
2 316
1 6974
2 6253
2 2474
2 13992
2 29317
1 1635
2 27032
1 31839
2 24898
1 12937
2 31863
2 27167
2 16905
1 30995
1 5414
1 9908
2 5923
2 15243
1 22135
1 18563
1 28427
1 26958
1 32689
2 1539
1 6385
2 22540
2 2316
2 13887
2 10555
1 27723
2 4152
2 8534
2 19967
1 4580
2 5334
2 8443
2 29579
2 1157
1 1277
1 4341
2 14557
2 26669
2 6582
2 3999
1 13355
2 12723
2 897
2 3689
1 1885
2 24384
1 26318
2 12886
1 17549
1 208
1 10372
1 1148
1 8846
2 4277
2 2686
2 29320
2 354
1 7189
2 6153
2 7991
1 16066
2 15207
2 25191
1 733
1 23194
2 23289
2 3407
2 23522
2 27531
1 21357
2 11114
2 28480
1 25447
1 21047
1 27352
1 6406
2 9144
2 4640
2 4521
1 11480
2 25145
2 25542
2 19045
1 9837
1 23900
2 1562
2 16517
1 10767
2 24770
1 20193
1 3319
1 21791
2 6598
2 9012
1 29341
1 24207
2 15347
2 16385
1 27342
1 1894
2 30089
2 21127
2 468
1 23359
1 13308
2 24797
2 877
1 16586
1 14453
1 620
2 30538
2 23113
2 31823
1 26736
1 28051
1 13845
1 26010
2 13947
1 7009
1 20247
2 19356
2 10994
2 18242
1 23887
1 19275
2 6030
1 1465
2 30288
2 27605
2 10716
2 17851
2 32193
2 4888
2 957
1 11571
2 26078
2 18986
2 9191
1 17790
2 16373
2 20946
2 7778
1 30704
2 7402
1 1805
2 9484
1 23118
1 15795
2 6027
1 24598
2 19282
1 5085
1 1583
2 5765
2 24362
2 4613
2 32658
2 9906
2 7161
2 19552
1 32384
2 20170
1 1621
1 26932
1 16505
1 17742
2 32199
1 24924
2 2610
2 8596
1 26958
2 4295
2 15378
1 5188
2 13276
2 5882
1 14005
2 28636
2 6358
2 1930
1 3948
1 301
1 16537
1 27298
1 5307
1 14300
1 11504
1 3459
2 8922
2 7905
2 30111
1 8959
1 18484
1 9483
1 21724
1 13309
2 14827
1 13691
1 976
2 24569
1 6226
2 8228
2 26394
2 28033
2 882
1 21073
1 2892
2 10937
1 32646
1 24351
2 29036
1 7639
2 10623
2 22527
2 11125
2 1447
2 15232
1 30006
1 18643
2 10760
2 24931
1 3676
1 4842
2 31854
1 23858
2 25312
1 6544
1 2142
1 31662
1 12930
1 3982
2 13301
2 22732
1 9688
2 30500
1 20578
2 29747
1 1738
1 7810
2 31335
1 5568
1 18710
2 27727
2 19164
1 515
2 25292
2 31782
1 22315
2 32447
2 29907
2 2835
2 469
1 10093
2 17250
1 13339
2 6892
2 4537
1 32392
1 31922
1 20631
2 16899
2 23205
1 12610
2 28561
2 28639
1 30958
1 4523
2 29610
2 6806
1 8173
1 19901
2 26692
1 28068
2 17407
1 20927
1 6360
2 30008
1 24533
2 25324
2 4463
1 8887
2 7411
2 3057
2 28457
1 8504
1 19508
1 22896
1 185
2 31241
2 11843
2 26240
1 14054
2 2345
2 3107
1 14635
2 25868
2 16844
2 8104
1 28399
1 20889
1 17114
1 19452
1 14653
1 5777
2 15216
2 9756
1 10749
2 21003
2 8030
1 19800
2 20488
1 9905
1 11176
2 5079
1 9132
2 3140
2 15109
2 30480
1 17195
1 28693
1 27234
2 26706
1 32573
2 9613
2 3424
1 25916
1 14217
1 9894
1 29394
2 24646
2 1840
2 9328
2 31040
1 31031
1 16707
2 26509
1 29542
1 1452
2 15688
2 181
2 23734
1 27031
2 29625
1 18739
1 24018
1 16318
2 27268
2 13158
1 8467
2 21048
1 29068
1 27457
2 30469
2 25331
2 12070
1 18123
2 19176
2 17457
2 31901
1 1696
2 26417
1 16646
1 4783
1 26222
1 2566
2 21980
2 1550
1 32120
2 18886
2 14575
1 5088
2 28439
2 18815
1 13010
1 15935
1 27444
1 15734
1 18152
1 14521
1 32463
2 16290
2 11243
2 9425
2 13436
2 29745
2 5224
1 7804
2 1248
2 32258
2 18241
2 6310
2 5944
2 17193
1 2090
2 2475
1 20947
1 366
1 20525
1 26590
1 14995
2 13006
1 22054
1 30213
1 10096
1 16889
2 26439
2 24538
1 16116
2 3794
2 3989
2 9868
2 18624
2 17139
2 4713
1 23868
2 19974
1 30246
2 13040
2 13696
2 2573
1 8940
2 19628
1 23524
1 10928
1 27386
1 15345
2 9316
1 24799
2 11191
2 5737
2 1779
1 16669
2 25280
1 13200
2 27639
1 29696
2 25188
1 1336
1 18635
1 14004
1 22056
1 16390
2 3131
1 11128
2 5956
2 21491
2 23308
1 31263
1 20772
1 13516
2 7281
1 16529
2 30185
1 29362
1 22167
1 21319
2 741
1 8859
2 23322
1 19923
2 5410
2 5840
1 17294
1 29526
2 19931
2 26477
2 15863
2 24327
1 1793
2 19172
2 10576
1 1203
2 22456
2 15994
2 520
2 311
2 26839
1 32456
2 7809
2 15112
1 6508
2 20539
2 15248
1 21164
1 29494
2 6036
2 22783
1 25406
1 28457
1 17001
2 26126
2 4846
1 2541
1 32674
1 15853
1 29566
2 10335
2 18429
2 29764
1 12998
2 19471
1 13963
2 29100
2 6961
1 6080
2 12593
2 24627
2 25662
2 9196
2 24872
1 26587
2 21248
1 9021
1 31613
2 15131
1 10910
2 22292
2 22929
2 29533
1 27860
2 21510
2 24986
2 15743
2 27248
1 5722
1 16160
2 22098
1 9173
2 26253
1 27521
2 22302
2 31100
2 3534
1 1646
2 21020
1 11374
2 23170
2 32363
2 16122
2 11979
1 29889
1 2387
1 14171
1 17479
2 727
2 27858
1 852
2 29351
2 7620
1 5865
2 30192
1 16969
2 5565
1 1646
1 6573
1 20121
2 1704
2 905
2 11517
2 9884
1 15524
1 10296
1 28358
2 32105
1 26750
2 14539
2 15074
1 10923
2 9277
2 19561
1 30367
2 31520
2 18328
2 17801
2 19776
1 20765
1 3194
2 6778
1 15482
2 5384
2 901
2 28124
2 28920
1 30173
2 22668
2 30501
1 29400
1 31146
1 26392
2 15133
1 8748
1 24082
2 7908
2 5218
2 890
1 18637
1 14432
2 3044
2 23612
2 18471
2 14642
2 362
2 8033
2 9085
1 18608
2 9227
2 10698
1 31683
2 21607
2 15030
2 20174
1 15360
2 1175
1 15531
1 13494
2 22992
2 181
2 14847
1 321
2 26081
2 1000
1 5148
1 22049
2 27767
1 16781
1 1599
1 7548
1 9705
2 6579
1 32248
1 9837
2 30498
1 7583
1 17326
1 4480
1 16928
2 25673
2 29464
1 3385
2 1656
1 11997
2 17349
2 25230
2 20944
2 23867
2 8597
2 20841
1 99
2 12919
1 5437
2 15655
2 19841
1 26970
2 31943
2 10523
2 13324
1 6367
2 5136
2 1291
2 7932
2 26807
1 19784
2 18866
2 27100
1 5574
2 31093
1 25917
1 12619
2 18083
2 16625
2 30670
2 29564
1 12316
2 27623
1 24572
2 182
1 2480
2 31450
1 5969
2 15317
1 21011
1 3870
1 24266
2 10951
1 25517
1 9053
1 15194
2 22288
2 22811
2 5139
2 17000
2 32326
1 16813
2 30739
1 13901
2 4757
2 9702
1 18688
2 29399
1 2877
1 23551
2 23508
1 10696
1 1295
1 11364
1 10589
1 28503
1 13044
2 17974
2 26298
2 5806
1 7782
2 967
2 28130
1 24170
2 14324
1 32546
1 30238
1 27935
2 14275
2 30336
2 7306
2 7634
1 19976
2 211
1 15513
1 7292
1 9102
1 4671
2 6286
2 21134
2 10806
1 20636
1 20995
2 9063
2 15730
1 14326
2 12901
1 30943
1 4809
1 3853
2 17270
1 8128
1 31318
1 11221
2 14282
1 29768
2 28489
1 2039
2 9035
2 24233
2 30821
1 9550
2 949
2 8073
2 22656
1 17003
2 6426
2 27778
2 3846
2 24338
2 3679
2 23714
1 10358
2 4282
1 29117
2 9452
2 24292
1 10001
1 32065
1 9429
1 2677
2 8310
2 12109
1 17096
1 25062
2 28285
1 13077
2 6307
1 2821
2 2670
2 6434
2 28728
2 31542
1 22982
2 24530
2 4045
1 10224
1 25268
2 19414
2 22172
1 1854
2 20638
1 4275
1 10579
1 24638
2 18586
1 18754
2 11925
1 27557
2 3573
2 16432
2 23416
2 17465
2 30383
1 2175
1 20485
1 10069
2 12285
2 26115
2 955
2 1385
2 21190
2 1509
2 16908
1 25207
2 18471
2 1827
1 30430
1 1687
2 32239
2 21262
2 19212
2 32372
2 27427
1 17867
1 4322
1 27597
1 25723
2 9939
2 164
1 9717
1 16610
2 29043
2 17672
1 10836
2 19962
2 27980
1 22455
2 23779
2 5271
1 5844
1 11729
1 6323
1 27967
1 22483
2 13414
2 4199
1 25777
1 4071
2 7421
1 32438
2 28762
2 27905
1 31248
2 9962
2 29409
2 5094
2 11150
2 9571
2 4253
2 6319
1 7000
1 4117
2 21529
2 18249
1 18885
1 26374
2 8855
1 15349
2 10783
2 21713
2 138
2 19401
2 20259
1 16165
2 9754
2 15661
1 26500
1 10054
2 25508
2 20575
1 2665
1 23179
1 22071
2 6127
1 21483
1 29407
2 27673
2 8516
2 20887
2 10049
2 14656
1 27926
1 16114
2 27716
1 7129
2 14322
1 4592
1 25743
2 12484
1 4793
1 22396
1 8541
1 6166
2 19232
1 24563
2 13054
2 2454
1 9265
2 15273
1 2389
1 14656
1 24265
2 1890
1 9304
1 3014
1 4633
2 2266
2 5267
2 6921
1 21541
1 6974
1 19366
1 2724
2 12872
2 27569
2 15554
1 11362
2 31150
2 1480
2 19759
1 29891
2 20440
2 12302
2 5321
1 16251
2 6939
1 6272
2 28287
1 25587
2 15137
1 20754
1 22739
1 6598
1 4455
2 7209
2 9820
2 11589
1 22974
1 2335
2 32327
1 1012
2 21194
1 24770
2 11474
1 28938
2 13958
2 25044
1 17359
1 23029
1 701
2 19853
2 2855
2 10963
2 4498
1 17429
2 16724
2 6906
2 506
1 28939
1 11238
1 16753
1 28733
2 2048
1 30720
1 31093
1 32376
2 4348
2 27352
1 5878
2 11550
1 1272
2 25146
2 27415
2 882
1 14947
2 9477
1 6321
2 2062
1 8606
2 940
1 14544
2 2400
2 20863
2 18614
1 20276
2 13864
2 25553
2 31039
1 3794
1 1531
1 8658
1 25973
2 28241
1 29123
2 180
1 2332
1 3213
1 31804
2 28189
1 15370
2 25880
2 2681
2 27815
1 12972
2 21683
1 3165
1 97
1 20095
1 28121
1 29986
1 27468
2 16024
1 7477
1 982
2 14815
2 28700
2 7719
1 23513
2 8067
1 20169
1 16195
1 28000
1 8983
2 21867
2 30418
1 11765
2 7021
1 28263
2 18255
1 8436
2 31691
1 9268
2 29675
1 12303
2 28780
2 8669
1 1289
1 21451
1 19197
1 897
2 7363
2 3074
1 16160
1 30419
2 7011
2 10335
1 28396
2 11162
2 5099
1 24805
2 18282
2 5170
2 4238
2 15976
1 11545
1 30217
1 10036
1 21266
2 30828
2 18978
1 24058
1 17119
1 16967
2 28053
1 24495
1 7201
2 133
2 8718
1 88
1 32765
2 29301
1 24138
1 4525
2 6892
1 23897
1 28317
2 1947
2 27964
1 6374
1 25967
2 27840
2 25484
1 27590
2 23482
2 9969
1 16211
2 14361
2 397
2 2999
2 20314
2 30703
1 32396
1 17614
2 30781
2 2512
2 8814
1 1189
1 3310
1 19764
1 25982
1 2785
1 30514
1 3851
1 14618
2 30937
1 12322
1 17975
1 10295
2 30235
2 2219
2 8205
2 18395
2 9446
2 16911
1 23768
1 30625
1 26286
1 30306
1 31829
1 29241
1 28828
1 20749
1 14904
2 11749
1 12299
1 5966
1 23206
2 3326
2 32524
1 182
1 18104
1 24173
1 10466
2 24490
2 30975
2 11826
1 16007
1 6627
2 14842
2 26080
1 15141
2 28910
2 11426
1 15646
2 30878
1 6829
2 10974
2 31272
1 29700
1 10707
1 29199
1 588
2 25122
2 18028
2 8070
2 14958
2 5105
2 13907
2 32009
2 14212
2 11044
2 13754
2 7506
1 16155
2 7837
1 8102
1 18575
1 6096
1 3829
1 26223
1 14563
2 10712
1 27384
2 23620
1 9955
2 28537
1 25638
1 19366
1 9754
1 13710
2 13108
1 24552
2 20870
1 11270
2 11401
1 23990
1 18457
2 18022
2 9409
2 11147
2 31033
1 27715
1 9517
1 10808
1 16704
1 31176
1 28753
2 23908
1 22013
2 4150
2 22117
2 25607
2 817
1 13919
2 22997
1 16622
1 14098
2 18730
2 9152
1 29498
2 24268
2 15379
2 18557
1 24289
2 4859
1 10664
2 23569
2 1323
2 5170
2 13325
2 22202
2 3382
2 6007
2 13688
2 18792
2 7282
1 25284
2 16565
2 25150
1 32550
1 14728
1 29092
1 16662
2 8426
2 6436
2 3510
2 7162
2 21803
1 17775
2 29811
1 13228
1 28586
2 9522
2 24567
2 6175
1 11516
2 28332
2 30065
2 15611
2 27403
2 9232
2 9635
2 24093
2 12692
2 24578
1 23909
1 13332
1 2728
1 29213
1 1569
1 30885
1 11051
1 19312
1 22104
1 15176
1 27480
1 15101
2 29212
1 1449
1 3898
1 31288
2 23444
2 20520
1 24373
1 2446
2 13179
1 18010
2 4219
2 23771
1 18849
1 23430
2 32151
1 22515
2 32104
1 12072
2 12006
2 6938
2 28233
1 16753
1 13080
2 8076
2 31821
2 30661
1 18356
2 9206
1 6292
1 28988
2 20881
1 26874
1 26065
1 11041
2 9566
1 15791
2 10443
2 30070
2 8219
1 23583
2 2270
1 14190
1 3997
1 5576
2 8312
1 1010
2 27406
1 20507
1 23965
1 32285
1 23402
1 20736
1 12900
2 3519
2 5124
1 23375
1 5495
2 25566
1 31487
2 7001
1 21143
2 20272
2 8662
2 25437
1 11029
2 24739
2 3540
2 14355
1 18010
2 24533
1 20636
2 11557
1 29280
1 3996
2 28834
2 4529
1 13367
2 17023
1 8624
2 27849
2 10369
2 16187
1 19811
2 18930
1 13302
2 30015
1 27563
1 21928
1 993
2 304
1 11086
1 18905
1 24225
1 358
1 27237
2 10853
1 17449
1 14957
2 32478
1 20901
2 24192
2 2949
2 20217
2 19681
1 16962
1 13091
1 14795
1 2264
2 32541
1 25454
1 20414
2 20027
1 84
2 9922
2 23310
1 3634
1 15680
1 5168
1 14413
2 32470
2 14794
2 21500
2 32480
2 1974
2 22258
1 29725
1 31104
1 32339
2 29516
1 3265
2 28347
2 12963
1 23421
2 13511
1 14704
1 19345
2 2754
1 17987
1 12631
2 29563
2 15210
1 29438
2 25462
1 21683
1 18263
1 10483
2 6828
2 26112
1 22657
1 18130
1 14379
2 1818
1 26994
1 8321
2 23542
2 27952
1 5579
2 21398
1 23911
2 24421
2 15038
2 27614
1 5035
2 17231
2 26514
1 22490
1 28228
2 31095
1 7714
2 11580
1 23942
2 2525
2 25438
1 15727
2 2842
2 8305
1 8137
1 31244
1 25214
2 22938
2 20473
2 10598
2 27011
2 24242
1 1306
2 27391
1 26830
1 21128
2 13675
2 3088
2 25688
1 3549
1 23743
2 11269
1 25582
2 11240
2 27902
2 12542
1 2994
1 26323
1 3745
1 3151
1 1176
1 17467
2 12602
1 20225
1 13545
2 4531
1 27626
1 3663
1 18627
2 12610
1 11752
1 6186
1 2711
1 13792
1 16129
1 30646
1 2986
1 20477
1 4114
2 18891
2 7317
2 2555
2 23440
2 24948
2 5573
2 21679
2 5633
1 15475
1 28668
1 25571
2 11904
2 18363
2 11469
1 23255
1 7997
1 29685
1 3876
1 18619
1 19962
1 6652
1 9148
2 30007
2 15503
2 12128
2 6567
1 31971
2 2407
2 19175
2 27337
2 15823
1 16385
2 30983
1 21597
2 5117
2 31088
1 24685
1 8047
2 26082
2 19675
2 13946
1 14688
1 233
2 4094
1 960
2 7270
2 17904
1 26535
1 14473
1 2057
1 9672
1 10297
1 4433
1 2471
2 28089
1 1581
2 19271
2 21745
1 25596
1 5772
2 10448
2 27756
2 13375
2 8054
1 17924
2 6640
2 11301
1 14495
1 15663
1 14124
2 18371
1 15309
2 6993
2 17953
1 3620
1 1371
1 9375
1 22946
2 15814
2 1208
2 26880
1 19930
1 18714
2 7400
2 10384
2 20678
1 8968
1 21762
1 2080
2 15031
1 23401
1 22705
1 5555
2 14033
1 2956
1 18611
2 7427
1 15247
2 4786
1 23389
2 19451
2 21309
1 8849
1 19733
2 10042
1 13436
1 7124
1 8407
1 20118
1 10945
1 15001
1 12465
1 4503
2 20182
1 4850
1 3654
1 21496
2 3928
2 23909
2 13134
1 16937
2 2360
1 4972
2 533
1 21968
1 12346
2 23542
1 5624
1 10819
1 18297
1 18404
1 25579
1 8463
2 10720
2 24204
2 10997
2 22133
2 25266
1 31290
2 13490
1 26087
2 5636
2 29866
1 26064
2 32400
2 14654
2 9103
2 7827
2 18377
1 7070
1 9487
2 27474
2 5540
2 16052
2 31812
2 1272
2 28005
1 32486
1 32189
1 8579
2 23044
1 3054
1 3067
2 5256
2 4269
2 12631
1 9205
1 16301
2 25920
2 28420
2 14740
1 21293
1 3794
2 25002
1 25656
1 24152
1 15401
1 31569
1 23345
2 12304
2 30788
1 3030
2 16966
1 1869
2 24273
1 6507
1 17970
2 5018
2 8372
2 2326
2 2338
2 17814
2 22663
1 5934
2 24376
2 28532
2 12052
1 8162
1 23307
1 13691
1 20445
1 14257
1 10788
2 20103
2 11669
2 5107
1 16771
1 5254
1 5796
2 17230
2 23064
2 25852
1 6567
2 13890
2 15691
1 20863
1 14830
1 6046
2 24948
2 8251
1 29692
1 29960
2 22115
1 7280
2 4618
1 14202
2 474
1 14063
2 20613
1 27583
1 11278
2 30369
2 21131
1 23290
2 23594
1 14592
1 26226
2 29471
1 1227
1 17052
1 6721
2 32632
1 133
2 8087
1 8244
2 12577
2 24156
2 21545
2 829
1 30604
1 32332
1 23836
2 11134
2 10494
2 32194
1 81
2 13007
2 31504
1 29729
2 27962
2 2366
2 19248
1 32574
2 11614
1 27018
1 14109
2 8164
1 25816
2 7592
2 1390
1 26193
1 25304
1 4926
2 24076
1 28343
2 545
2 16427
2 21171
2 11707
1 22921
1 22269
2 14197
1 3321
2 15484
1 19320
2 19255
2 22399
2 2937
2 10006
1 12339
1 30285
2 21652
2 11649
1 13428
1 31964
2 17394
2 20763
2 27228
2 1428
1 25680
2 30583
1 4385
1 24148
2 12156
2 3549
2 19788
1 1262
2 28378
2 28106
2 12601
2 29608
2 27617
1 4462
1 5530
1 15804
1 28828
1 6188
2 16884
2 31704
2 6185
2 6941
2 25888
1 2207
1 28477
1 20877
1 24011
1 3367
1 25758
2 1405
2 21238
2 23929
1 2471
1 22559
2 7287
2 9492
1 8904
2 22109
2 31607
1 25450
1 2051
1 23891
1 8946
1 14433
2 21872
2 20176
1 4154
1 211
2 27578
1 5593
2 13171
1 17167
2 16544
1 31526
1 26648
1 27478
1 32629
2 18851
2 15733
2 22623
1 31137
2 17136
1 3884
2 14291
2 26397
1 25569
1 28081
1 13009
2 30458
1 30975
2 22221
1 27243
2 12251
2 773
1 15902
2 17448
2 8311
2 27492
1 26005
1 1664
2 24600
1 2239
2 1526
2 17763
1 24350
2 29552
1 18268
1 7858
1 1917
1 10753
2 2483
1 18116
2 11579
2 1460
1 32060
1 25827
2 20211
1 32508
1 2829
2 16332
2 9812
1 16897
1 3470
2 14898
1 2210
1 4896
1 22781
1 7996
2 5940
1 873
2 5099
2 16130
1 16373
1 29983
1 24509
1 23316
1 3556
2 28731
1 20779
2 25332
2 18836
2 18153
2 14532
2 151
1 27052
2 2570
2 15208
1 29927
1 21351
2 19888
2 15053
1 17476
1 27413
2 15781
2 3579
1 13054
1 29849
1 485
2 2512
2 4573
2 17385
1 29471
2 22908
1 23194
1 15761
2 7992
2 9990
1 7267
2 10033
1 7624
1 5061
1 14426
2 18426
2 13466
1 232
2 28182
1 22836
1 19504
2 10223
2 14369
2 18107
2 13374
2 816
2 30841
1 16254
2 14378
1 1619
2 29968
2 5631
2 914
1 9942
2 9291
2 28885
2 22214
1 13449
2 18822
2 19245
2 2890
1 531
2 24975
1 17733
1 26709
1 23915
2 24358
1 17647
2 18261
1 22624
2 14212
1 26132
2 2152
2 24850
2 16081
2 15150
1 22244
1 10870
2 21675
2 24013
2 15825
1 25814
1 24742
2 20244
2 3177
1 17999
1 7879
1 10297
1 2719
2 25425
1 15368
2 6920
1 32149
2 22306
2 17112
2 16992
1 31780
2 15452
2 22423
2 17076
2 4952
2 30058
2 17694
2 14987
1 15090
2 17679
1 22837
1 769
1 6628
1 14048
2 4379
2 16452
2 6872
1 22468
1 5634
1 16920
2 20650
1 15995
2 2448
2 13395
2 10985
1 25620
1 8799
1 8034
1 31322
2 19574
2 6270
2 14530
1 17781
1 32472
1 25070
2 904
2 27877
1 20040
2 16165
1 16602
2 8204
2 29224
1 6031
1 12403
2 8573
2 28332
1 9736
1 8482
2 23425
1 19806
2 30051
1 20811
1 17555
1 9627
2 11494
2 8037
2 5092
1 29971
1 11468
2 2683
2 17880
1 18508
1 31425
2 684
2 28806
2 13087
1 32362
1 2475
1 26683
1 6458
2 3546
1 9023
2 13304
1 18076
1 18974
2 5572
2 20976
1 22556
1 19378
2 31400
1 19467
1 29667
2 7945
2 7918
2 7270
2 20973
1 4362
1 13231
1 25040
1 5261
1 19341
2 20116
2 25679
1 28902
2 16866
2 14941
1 27033
1 10098
2 27978
1 5981
2 22939
2 19582
1 22908
2 19452
2 13045
2 24748
1 290
2 17716
2 20348
2 14704
2 31321
1 1812
2 30903
1 14739
1 29493
1 3392
1 19554
1 22963
1 32314
1 31599
2 28910
1 194
1 12004
1 7660
2 6655
2 11395
2 1568
2 14869
2 23789
1 27152
2 11985
1 11999
1 21827
2 7766
2 2636
1 25936
2 6467
1 7830
2 3292
1 4355
2 32353
1 6374
1 27198
2 16552
1 11715
2 19631
1 4646
2 16001
2 2247
2 4909
1 31928
1 16615
2 23933
1 14322
2 18192
1 27331
2 27433
2 8547
2 8123
1 7189
1 14018
1 18745
1 828
2 4720
2 12149
2 1281
1 18568
2 22907
2 8995
2 7836
2 32138
2 2930
2 735
1 15552
2 5024
2 24995
2 30577
1 7029
2 23580
2 5362
1 17878
1 5273
2 21700
1 3669
2 957
1 30813
1 17490
1 26457
1 7179
1 13766
1 9972
2 15003
1 9048
1 21293
2 27341
2 17488
2 31856
1 14015
1 31858
1 21182
1 19668
2 16125
2 9070
1 1728
1 16694
1 11069
2 11967
2 25669
2 8704
2 21543
1 29015
1 13010
1 14286
2 13369
2 3740
2 11772
1 32751
2 16452
2 5864
1 1518
2 12519
2 4077
1 29706
1 12265
1 3824
1 22060
1 9667
1 1727
2 4213
1 10704
2 20041
1 15191
2 21142
2 7674
1 3784
2 5421
2 23975
1 10909
2 13276
2 719
2 14768
2 25860
1 12824
1 31329
1 21231
2 2124
1 29314
2 10777
2 11857
1 19942
2 28436
2 30915
1 28157
2 5655
1 7997
2 22079
1 9673
2 24695
2 13406
2 23550
2 32706
2 5237
2 9806
1 15752
1 12457
2 6609
2 4054
2 2297
1 15473
2 16673
2 23349
1 14208
2 2754
1 31821
2 16029
2 3551
1 19321
2 26387
2 2229
1 19694
1 11045
1 8067
1 15637
1 12823
2 22411
1 28292
1 205
2 18395
1 21539
1 16461
2 22238
2 1612
2 7833
2 27885
1 11455
1 17297
1 9038
1 20676
2 14042
2 29797
2 468
2 13576
2 7436
1 15512
1 8565
1 2113
2 30504
2 20364
2 5548
2 26316
2 6517
1 8378
1 21162
2 29532
1 12588
2 25643
2 12755
1 32628
1 12539
2 24319
2 17983
2 1007
2 3460
1 2025
1 314
1 27000
1 18910
1 30640
2 9923
1 8466
2 21523
2 10672
2 4624
1 3218
1 12704
2 3159
1 18953
2 14111
2 31737
1 25001
2 26057
1 23993
2 11522
2 28605
1 16673
2 18351
1 15255
1 317
1 276
1 28456
2 2053
2 13802
2 26716
1 31131
2 6287
1 8981
1 31715
1 87
2 9706
2 17447
2 30538
2 10492
2 30657
2 15130
2 4454
2 3583
1 4402
2 24830
2 4286
2 30506
2 11598
2 9845
1 12303
2 25113
1 2973
2 17463
1 21192
2 23230
2 3224
1 15247
1 2447
1 9183
1 7725
2 9948
1 26298
1 12179
1 30783
1 23057
1 8918
2 26568
1 10531
1 21301
2 4387
1 18112
1 29220
1 31460
2 25621
2 16271
2 29696
1 13516
2 16853
1 30367
1 11113
1 16432
1 10430
1 18988
2 15749
2 26729
1 9185
2 10953
2 5230
2 1376
2 20354
2 17369
2 19379
1 19477
1 11673
1 29718
1 27861
2 28444
2 19025
1 5645
2 31690
2 3866
1 12428
1 6304
2 21373
2 31564
2 11869
2 26499
2 21068
1 16897
1 27021
2 9152
2 22153
1 4379
2 17431
2 11315
2 2810
2 26258
1 4267
1 30222
1 858
2 4336
2 5935
1 13654
1 10453
2 32726
2 26937
1 21860
2 30351
2 25718
1 1687
1 16742
2 1566
1 8727
1 20935
2 31963
1 27659
1 3732
1 21631
2 3098
1 25685
1 733
1 21542
1 11468
1 20207
2 15221
2 13913
1 24173
1 31805
1 2290
2 13671
2 15055
2 18842
1 20608
1 25813
2 7831
1 3541
1 23646
2 1499
1 8638
2 21935
1 31839
1 11237
2 24593
1 28767
1 30315
2 12563
2 4529
2 19470
1 18171
2 31417
2 29588
1 8796
1 12705
1 3552
2 3
2 29913
2 8574
2 29636
1 30490
1 22924
2 22985
1 28244
1 14155
2 6000
1 30287
2 31924
1 26075
1 4850
2 15341
2 12222
2 26467
1 2676
2 14616
1 20093
2 10320
1 8909
1 13910
1 19120
2 13667
1 17351
2 30402
1 1357
2 9266
1 17567
1 18572
1 25340
2 19365
2 26761
1 25974
2 12440
1 19578
1 11049
1 9048
2 22449
2 27074
1 23835
2 29853
1 25357
1 12642
1 4204
2 14532
1 21282
2 29843
1 21791
2 23776
2 17053
2 4194
2 17833
1 19480
1 23263
1 1584
1 25461
2 12328
1 6267
1 25651
1 17248
2 478
1 24505
2 32243
2 2622
1 27037
1 24853
2 29902
2 14676
2 28638
2 19905
1 4213
1 19164
1 32170
1 23583
1 26476
2 7812
1 11553
1 7240
2 22414
1 13806
1 27127
2 7304
1 20103
2 16690
1 25074
2 24031
2 25176
1 31576
1 17773
2 6273
2 14807
2 22238
1 22487
2 20567
2 17708
2 31288
2 20532
1 14716
2 18005
2 3147
1 2459
2 27841
1 10658
1 20721
2 951
1 27690
1 11834
2 5497
1 13126
2 30574
1 24213
1 27939
1 8861
1 12411
1 22783
1 15784
2 25122
2 4080
2 26651
2 7088
1 18641
2 10657
1 27486
1 30554
2 1208
1 16662
1 3984
2 6328
1 31610
2 11788
1 22351
1 27728
1 31439
2 4339
1 29579
2 8092
2 14595
1 22382
1 27659
1 3467
2 9587
1 4310
1 6118
1 31486
1 2323
2 4792
1 26123
2 9035
1 30442
2 27986
2 30138
2 5309
2 3220
2 12314
2 32520
2 23827
2 704
2 32311
2 2911
1 1533
2 3503
1 29445
2 32252
2 24994
1 3515
2 22166
2 27760
2 10012
2 4046
1 8748
2 18207
2 24314
2 7654
2 21696
2 20931
2 8125
2 24472
2 6013
1 27626
1 6748
2 2698
1 12870
1 10612
1 30400
1 8951
1 20524
2 15126
1 72
2 3119
2 5113
1 9946
2 8775
2 26900
1 31912
1 20637
2 13441
2 19614
2 6634
2 21135
1 6066
2 14936
1 4258
2 9654
2 8710
1 30433
2 28522
2 6764
1 23458
2 10348
1 21261
1 8412
1 2842
2 18240
1 23306
1 24969
2 4600
2 24121
1 28183
2 9671
1 6460
2 6981
1 20124
2 4160
1 3542
1 12264
1 32564
1 9584
1 27949
2 440
1 30511
1 9258
2 24988
2 10978
2 10003
1 11793
2 12016
2 19107
2 19734
1 16415
2 28396
1 9679
1 6565
2 31522
2 7621
1 5966
2 9184
1 15417
1 30373
1 20634
2 11804
2 1371
2 8236
2 27203
1 14944
1 13777
2 10475
1 17515
1 28393
2 4792
1 21479
1 14154
2 19110
2 8064
2 13596
1 5034
1 10684
1 18031
1 7671
2 29548
2 6659
1 20766
2 23003
2 23042
1 32647
1 12538
2 15005
1 9459
1 2312
1 6085
1 29960
1 19546
1 29818
1 24595
1 19802
2 29543
1 9094
1 17870
2 5060
2 18653
1 7
2 28338
1 28910
2 14226
1 12430
1 17105
1 625
2 26354
1 7390
2 5392
2 18267
1 2941
2 17009
2 7080
1 23727
2 1860
2 22770
2 14502
2 2531
1 23151
1 18112
1 4716
2 7520
1 25530
1 25969
1 31790
1 6405
1 28915
2 5709
1 11893
1 11939
2 8062
1 9934
1 20383
2 3202
1 3282
1 1319
1 19549
1 31195
1 22266
2 17594
2 52
2 17245
1 27924
1 29344
1 11773
1 30633
1 12245
2 14886
1 18533
1 29653
2 25091
2 22858
2 2670
2 16365
1 26873
2 25922
2 24556
1 15213
2 23847
1 24309
1 7688
1 6600
1 27279
2 6015
1 3008
2 12004
1 329
1 25777
1 14949
2 2971
2 22016
2 9615
2 11804
1 27196
1 12915
1 5841
1 22110
2 27400
1 5621
1 30563
1 22136
2 8373
2 9710
2 31973
1 7691
1 27887
1 28247
2 6187
2 20877
2 11474
1 29249
1 2494
2 710
2 13681
2 3151
1 18009
2 14676
1 8275
2 7992
1 11117
1 19240
2 26608
1 5702
2 926
1 1287
2 21560
2 13785
1 23363
2 8970
2 14092
1 15333
2 9450
1 6430
1 30915
1 20592
2 11729
2 11140
1 29862
2 17941
1 25198
1 22354
1 9589
1 10883
1 25321
1 2800
2 8672
1 9982
2 26524
1 11932
2 26894
1 12509
1 30106
1 31974
1 32538
1 2571
2 25381
1 11061
1 22929
2 4487
2 11318
2 25153
1 7157
2 25572
1 5882
1 1687
2 9277
2 19401
1 10319
1 20760
2 26451
1 625
1 26698
1 14201
1 7573
2 16428
2 30388
1 9412
1 16212
1 7389
2 28553
2 470
2 20824
1 16506
1 8056
1 3552
1 345
1 25487
1 2150
2 1766
2 4744
1 8124
1 13803
2 8771
2 6660
2 4146
1 25043
1 21795
1 2917
2 16953
1 26782
1 27911
1 5429
2 30125
2 3584
1 30788
2 19826
2 11645
2 4450
1 32388
2 11789
2 4139
1 4703
2 2372
1 24942
1 6222
2 17736
2 31829
1 24302
2 5395
2 30624
1 15963
2 22363
2 31416
1 25761
1 12625
1 29048
1 783
1 22965
2 31490
1 22138
1 7681
2 11006
1 7569
2 3724
2 12809
1 30671
1 24563
2 11596
2 11444
2 16176
2 1648
2 20044
2 25384
1 17502
1 23333
1 24978
2 17050
1 17224
1 1669
2 18456
2 20694
1 29971
2 14291
2 16460
1 31931
1 25752
1 7593
2 8849
2 16060
1 4833
1 11893
1 28093
1 2400
1 27567
1 16631
2 9113
1 2499
2 2551
1 29892
2 30052
1 14355
2 19552
2 27334
1 16464
1 14356
2 14790
1 19898
1 23043
1 2460
2 13754
1 10928
2 11543
1 2328
2 1280
2 6542
2 9627
1 16389
2 8720
2 13709
2 28048
2 1400
1 24982
2 26043
1 31084
1 28311
1 26354
2 30072
2 25755
1 3869
1 26808
2 31993
2 7673
2 2521
2 17712
2 6600
1 25689
1 28975
2 26328
2 30529
2 4865
2 30614
2 30941
2 10006
2 15915
2 28697
1 27558
2 18893
2 8070
1 7895
2 18761
1 1853
2 21171
1 22915
2 23060
1 22292
2 25033
2 30692
2 6405
2 6484
2 8658
1 5206
1 30802
1 32465
1 24395
1 7239
1 30178
2 16821
1 23207
2 12474
1 32722
2 11772
2 5324
2 22216
2 10482
2 31224
2 27541
1 30746
1 11589
2 28366
1 1615
1 13168
1 18052
1 24823
2 4668
1 32029
1 20635
1 30913
1 20243
1 3977
2 15914
1 19147
2 27518
2 11182
1 23814
2 16524
2 12698
2 10651
2 27318
1 20685
1 891
1 22772
2 30966
1 2090
1 10149
2 12656
2 8759
2 24981
2 26004
1 21338
1 3613
2 28371
2 29237
1 22544
2 17920
2 20733
1 11370
1 29319
2 22892
1 256
2 10635
1 24517
2 21153
2 26654
2 4575
1 10085
1 31507
2 18539
1 19751
1 11287
1 28650
1 30032
2 32532
2 3101
1 1668
2 23563
2 21451
2 20944
2 238
2 23597
1 7272
1 29721
1 4719
1 28699
1 15224
2 9976
1 13309
2 9614
1 24958
2 31744
1 18630
1 26131
1 6511
1 21208
1 4776
2 3980
1 9526
2 6588
1 30393
1 23724
2 10801
1 24058
1 4544
2 7551
1 11698
2 11382
1 7354
1 16352
2 24958
2 16935
2 8534
1 10241
2 16465
1 3223
2 32378
2 22759
1 31321
1 31334
1 15548
2 27882
2 12727
2 7112
1 13033
1 24121
2 1793
2 4867
1 31361
1 8021
2 30146
1 21746
2 13368
1 913
2 248
1 14724
2 7287
2 30617
2 12181
1 23614
2 28634
1 2536
1 22783
1 19637
1 8112
2 17232
1 16784
1 3861
1 22142
1 20341
2 1815
2 27804
1 19579
1 30034
2 23892
1 5151
1 27669
2 24499
2 6784
2 2692
2 18027
1 13753
1 5059
2 27463
1 22481
2 858
1 18876
1 30966
2 7248
1 29150
1 25853
1 32181
2 29731
1 20579
1 653
1 31674
2 22587
1 27738
2 20580
2 11729
2 24251
2 14855
2 31218
1 22490
1 3964
1 19717
1 25752
2 26438
1 2187
1 8384
2 15404
2 25502
1 29350
2 12537
1 20346
2 12027
2 17859
2 25157
1 15550
2 5775
2 23945
1 14990
1 28203
2 13083
2 24021
1 27025
1 26216
2 6519
1 26422
2 8543
2 23821
1 23309
1 7026
2 16092
2 11050
1 22110
1 29183
2 16963
1 1984
2 22396
1 23690
2 6048
2 5190
2 2190
1 15219
2 12116
1 14630
2 12879
1 8782
1 26260
2 21053
2 19599
1 27748
1 16362
1 11102
2 24240
1 8497
1 27571
2 19664
2 12331
1 10468
1 8351
2 6091
2 18697
1 20705
1 17461
1 13055
1 17002
2 8258
1 25420
1 18190
1 26369
2 31826
1 31379
1 2829
2 9109
2 7441
1 3850
1 8455
2 18306
1 20915
2 5766
2 17017
1 5430
2 5408
1 12337
1 15575
1 8885
2 29301
1 11528
2 15877
1 2582
1 14722
1 26715
2 28895
1 27139
2 842
1 28752
2 27058
1 13885
1 1671
2 32353
1 25281
1 22549
1 15395
1 16345
2 18625
1 7924
2 21440
2 28251
1 5981
2 212
1 30768
1 14427
1 1458
1 10949
1 25598
1 31139
1 724
2 24937
1 17891
2 17360
1 584
1 12664
1 30034
1 14034
2 6280
2 28733
2 30445
2 10607
1 26498
1 3095
2 20749
2 8640
1 23321
1 11513
2 12350
1 7603
1 13730
2 9450
2 23488
1 11144
2 27752
1 12422
1 31239
2 21076
2 21545
2 1915
2 9532
2 19073
2 7575
1 15628
2 20411
1 1611
2 8664
1 28818
1 30867
2 2628
1 32518
2 19958
1 12296
2 5585
2 1199
2 24120
1 27668
2 7083
2 28758
2 10220
1 11490
1 2656
2 31217
1 8119
1 29010
2 25808
2 12393
2 26838
2 31608
2 10928
1 9757
2 26008
1 25884
1 4361
1 27999
1 6111
1 1083
2 2746
1 25845
1 20899
1 8069
2 8434
2 21657
2 13678
1 29405
1 7095
1 22906
2 1761
2 988
2 31330
1 8889
2 19246
1 17999
1 15392
1 32237
2 14748
1 4276
2 30835
1 13215
1 31750
2 24769
2 18351
1 13262
2 16220
1 28637
2 31613
2 4716
2 5153
1 6053
2 10075
1 21472
2 7915
2 1640
1 31002
1 2434
1 6374
2 17323
2 24927
1 15906
2 8273
2 1190
2 3107
2 12929
1 22783
2 20677
2 10548
1 27094
2 23768
2 30248
2 1201
1 1610
1 31830
1 20004
2 28561
1 30077
2 20232
1 20928
2 30748
1 27903
2 5138
1 32312
2 29296
1 14039
1 25258
1 2429
2 20734
2 19968
1 10909
1 26291
2 19723
1 19175
1 1224
2 6833
1 24368
2 8174
2 21408
1 24709
1 2010
1 9708
2 13227
1 7662
2 26571
2 30891
2 15364
2 10208
1 10390
1 9064
2 3803
1 22275
2 13607
1 7511
1 14834
1 27700
2 16953
1 5660
2 26401
2 17667
1 9950
2 4691
2 23763
2 24627
1 1274
1 22537
2 20103
1 12861
2 16840
1 11073
2 32080
1 18894
2 20052
1 23152
2 10325
1 17476
2 16383
2 6912
2 19794
2 4661
1 14591
1 13777
1 14613
1 3048
2 8412
2 948
1 26625
2 21978
2 11508
1 14830
1 13967
2 5434
1 14584
2 1723
1 25032
2 29805
1 28525
1 32201
2 22477
1 30603
1 16939
1 21688
1 22607
2 8416
1 13025
2 28576
2 25879
2 25964
1 27536
2 15755
2 639
1 29027
2 9995
2 25847
2 18422
2 15534
2 27005
2 16470
2 16512
2 28520
2 2275
2 10894
2 6964
2 5730
1 1422
2 7033
2 11197
2 10144
1 12962
2 5221
2 15065
2 22234
2 11930
2 23701
1 9949
2 14843
1 11202
2 3519
1 21551
2 15781
2 2235
2 28812
1 28107
1 27051
1 14586
2 10523
1 30143
1 30101
2 32074
1 13182
1 9646
1 11552
1 27717
1 12347
2 8016
2 9404
1 19167
2 204
2 27889
2 15884
1 13531
1 13343
1 20974
1 31850
2 5460
2 17175
1 27451
1 10592
1 28470
1 7434
2 8159
2 18735
1 30146
1 1089
2 24950
1 24396
1 29965
1 14971
1 15535
2 734
1 2689
1 32106
2 14795
1 17218
2 11611
2 21301
2 3364
2 23687
1 1835
1 9972
2 6052
2 15346
2 7255
2 13623
1 14153
2 21627
2 17561
1 18559
2 26536
1 17230
1 29564
1 17858
1 12903
1 17483
2 20707
1 2284
2 28609
2 30342
1 8579
1 4441
2 22278
2 28872
2 32612
2 32348
2 24344
2 9740
1 25187
1 23484
2 28399
2 6659
2 30899
2 15921
2 24086
1 26001
1 20311
2 12267
2 17708
2 2893
2 19113
2 27915
2 7780
2 7173
1 28375
2 28712
2 13829
1 11064
2 30817
1 20172
2 27371
2 5018
1 17564
2 26100
2 16132
1 2963
1 2610
1 22164
1 14292
2 2496
1 24991
1 21008
1 3825
1 31088
2 7605
1 14020
2 12936
1 16169
2 29721
1 31869
1 5590
2 3361
2 30149
1 28925
1 20911
2 1989
2 22404
2 17531
2 5371
2 14902
2 2681
2 26145
1 25908
1 23238
1 9368
2 12429
1 12010
1 24447
1 6443
1 26192
1 9791
2 25245
1 16718
1 32370
2 30571
2 22287
1 13427
1 16620
1 18232
2 3322
1 28895
1 13100
1 903
2 1590
1 21548
2 21653
2 970
2 6863
1 25541
2 11004
2 31112
1 28037
2 25964
1 7980
1 12508
1 12364
1 18360
2 10594
1 8438
2 14541
2 23183
2 19922
2 19609
2 25827
1 22448
1 26913
1 29339
2 20255
1 15149
2 19689
1 3688
2 21317
1 27625
1 11320
2 10368
2 25292
2 13342
2 22545
2 30452
1 10594
2 2521
2 19433
2 19948
1 358
1 10107
1 2603
1 24612
2 14443
2 29754
2 18613
2 20331
2 9148
2 15519
2 27993
2 3362
2 1235
1 15110
1 23133
2 2755
1 15840
2 28705
2 2811
1 14936
1 22089
1 19317
2 32738
2 24319
1 20260
1 9179
2 31667
1 11629
1 18366
2 0
1 3972
1 15464
2 29207
1 12005
1 30560
1 17739
2 22372
1 12384
1 18117
1 13446
1 27788
1 28058
2 25893
1 2587
1 30379
2 16783
2 23143
2 2594
1 16275
2 20881
2 27491
2 15686
1 6726
1 13765
2 1641
2 16710
2 14204
2 29091
2 32698
1 26997
2 18979
1 15482
1 7692
1 12091
2 31706
2 6635
1 30475
1 29329
2 12662
2 17002
2 7123
2 2696
2 8061
1 23488
2 5495
2 9667
2 11949
2 395
1 12669
1 31481
1 12406
2 7612
1 7776
1 18804
1 25468
1 4375
1 22541
2 10644
1 18454
2 11191
1 25702
1 11597
1 17618
1 30088
2 24514
2 20645
2 6895
1 18123
2 22890
2 14903
2 10977
1 12438
1 30
1 19378
1 2256
2 13649
1 7822
1 602
1 24857
1 20794
2 26593
1 10118
1 11467
2 21218
1 5170
1 20769
1 13868
2 942
1 19726
1 12842
2 27954
2 8278
1 27127
2 15156
1 3082
1 8553
2 31972
1 2790
1 2964
1 21447
1 11967
1 11899
2 26597
1 16678
2 27621
1 12867
2 13508
1 26766
2 24746
1 545
1 557
1 18141
1 17874
2 6667
2 4305
1 12099
2 32025
1 1677
2 22164
2 29639
2 32172
2 13639
2 21262
2 24001
2 4270
2 5482
2 13323
2 30301
1 23988
1 2110
1 18955
2 7966
2 18249
2 8607
1 19650
1 31321
2 5995
1 14460
2 28569
2 9142
1 31755
2 18263
1 17963
2 14515
1 21393
2 7367
2 30921
2 12576
1 18774
2 23545
1 18678
1 1956
2 16936
1 19755
1 26092
2 12854
2 6346
1 32303
2 4373
2 27301
1 10865
2 13038
2 4755
2 18193
1 13128
2 9699
2 32185
1 8815
2 31469
1 6299
2 17807
2 21769
2 20722
2 13372
1 8530
2 15612
1 22877
1 14843
1 16625
1 5816
1 10536
2 932
2 20882
1 9604
2 12993
2 21526
1 21003
1 11255
1 651
2 30660
2 14185
1 13439
1 19291
2 13621
1 24940
1 10718
2 17149
1 3461
1 24329
2 16297
2 20141
2 19682
2 743
1 10952
2 32670
1 27408
1 18402
2 10744
1 24438
2 15334
1 1419
2 24139
2 3279
1 28622
1 29862
2 29607
2 10167
2 25672
2 939
2 6467
1 3633
2 17512
2 31558
2 18989
1 26803
2 31060
1 29399
1 26055
2 1702
1 27335
2 5362
2 6213
2 2794
1 3984
1 13280
1 4913
2 26703
1 19987
1 11804
2 5608
1 11804
1 11463
2 8919
2 17946
2 9355
2 21175
1 30324
2 22605
2 14667
2 22530
2 9997
1 2138
1 15357
1 26203
1 28908
2 25071
2 27320
1 10633
2 17171
2 22795
2 20101
1 4072
2 948
1 12933
2 26596
2 23270
1 9402
2 15494
2 11077
2 32646
2 2111
1 22282
2 19855
1 22241
2 13587
1 19556
2 24733
1 7840
2 23355
2 31159
1 16316
2 18819
1 10351
2 18301
1 19502
1 8157
2 27803
1 29187
2 31146
1 12310
2 3680
1 8683
1 10970
2 3880
2 20368
1 21673
1 24027
1 26914
2 25013
2 5382
2 10432
1 25000
1 19083
1 929
1 1552
1 17521
2 6273
1 12137
1 28996
1 1480
2 26428
1 15908
2 21322
2 4875
2 13331
2 25835
1 16132
1 29487
1 660
1 12459
1 32201
2 14138
2 20734
2 7845
1 27619
1 15047
2 23749
2 1263
2 9488
2 13446
1 14098
1 19186
1 257
2 5817
2 10560
2 29162
2 24542
1 16313
2 26976
2 28009
1 18112
1 31343
1 7861
1 19412
1 19509
1 20187
2 13880
1 12004
2 21696
1 8848
2 1814
1 5158
1 8022
2 10549
1 18221
1 28027
2 8674
1 9478
2 20371
2 2457
2 13762
2 30545
1 12560
2 19592
2 5191
2 250
2 6302
2 14374
1 9017
1 21240
1 1008
2 17572
2 4433
1 11989
1 17896
2 2311
2 17086
2 22321
1 23327
2 13224
1 3488
2 12352
2 3681
2 21172
2 18064
1 12360
1 27950
1 27820
1 7446
1 8228
1 3131
2 26854
1 18481
2 11203
2 7151
1 18442
1 723
1 17066
1 19686
1 11414
1 22626
1 18542
1 1137
1 13147
1 16696
1 5435
2 24852
1 7166
2 3875
1 17999
1 3847
2 16759
2 10726
1 24191
2 27829
2 25237
2 7095
1 14002
2 32576
1 14969
2 28095
2 15969
2 14075
2 26902
1 21661
2 3101
2 1007
2 11191
2 11491
1 15881
1 14935
1 25977
1 18327
2 10843
2 18212
2 30669
1 1716
2 24543
1 13433
2 27384
2 18854
2 30325
1 32304
1 26258
2 10705
2 12174
2 13907
1 31242
2 1803
2 26291
1 31140
1 13600
2 25630
2 20989
1 13333
2 4202
1 4935
1 4766
1 13649
2 9680
2 12985
2 5463
2 5425
1 14608
1 31002
1 17152
2 26696
1 4154
2 20997
2 259
2 17496
2 7221
2 19079
2 481
1 5338
1 28984
1 19874
1 26028
2 16250
2 3922
2 12493
1 10891
1 6296
1 31459
1 4209
2 27961
1 10185
1 9505
1 31854
1 31110
1 15443
2 9364
1 29844
2 10964
2 20917
1 15769
1 13611
1 7324
1 17437
1 15075
2 21355
1 10983
2 21744
2 5621
1 10756
1 17109
2 32581
1 28586
1 5528
1 793
1 7274
2 22701
2 316
1 11386
2 22622
2 27137
1 17146
2 25172
2 30293
2 11643
2 18514
2 15125
2 25912
2 22082
1 4788
1 8385
1 9250
2 18774
2 1032
2 367
1 30435
1 30214
1 31527
1 20425
2 27265
2 32377
1 16479
2 21392
1 10674
2 12326
2 16882
1 18965
2 8547
1 19548
1 8344
2 22209
2 30005
1 8379
2 3065
2 17294
2 17403
1 28600
1 28467
1 4492
1 15421
1 10525
2 27994
2 22877
2 184
1 29318
1 11763
2 31673
1 23771
1 32741
1 31096
2 8683
2 18763
2 15360
2 9687
2 3666
2 16480
1 16622
2 21235
1 15585
1 25254
1 8349
2 30497
1 21407
2 27485
2 32079
2 15276
1 25384
2 29946
1 29208
2 10578
1 30506
2 3492
2 19298
2 9413
1 30440
1 7095
2 3946
2 15147
2 21947
1 4676
1 22208
2 16030
2 5004
2 30095
1 29898
1 12972
2 3419
1 12175
1 28737
1 2264
1 7612
2 13426
1 19378
1 11544
2 3412
1 30487
2 7679
1 25173
2 21344
1 11666
2 31452
1 28398
1 9775
1 26027
1 11091
1 6453
2 23459
2 26975
1 13888
1 29680
2 6580
2 29534
2 14549
2 31449
2 22252
2 13195
2 3863
1 32543
1 10988
1 9088
1 19551
2 25571
2 28390
2 11015
2 987
1 10939
1 11809
1 5282
1 24842
2 20531
1 26232
1 20995
2 4163
1 30791
1 6363
1 4244
2 30511
2 27370
2 10701
2 7665
2 15690
1 24706
1 4580
2 7273
2 9318
2 7786
1 24140
1 1922
1 12584
2 25454
2 324
2 2162
2 9097
1 9299
1 29343
2 6821
2 16214
1 6221
1 8261
2 62
1 25777
1 5510
1 11952
2 1678
1 30861
2 15773
1 2415
1 6815
1 7478
2 31269
2 17318
2 11692
2 15047
1 18722
1 18571
1 27046
1 22450
1 22928
1 23531
2 13745
2 16700
2 30684
2 27299
1 2724
2 1022
2 19048
2 11048
2 6029
1 13413
1 24075
1 3584
1 13867
1 1842
1 655
2 32326
1 12146
1 14843
2 30513
1 29226
1 20490
1 19368
1 26404
2 19310
2 19664
2 1271
1 13839
2 2026
1 30548
1 20729
1 7307
2 16905
2 16985
2 26003
1 5286
1 330
1 5721
1 15358
2 5730
1 23232
2 30206
2 22855
1 9270
1 24978
1 29353
2 26319
1 10124
2 26492
1 28911
2 6860
1 7490
2 3404
2 15639
1 28870
1 4650
1 9061
1 28574
2 12827
1 28553
2 23104
2 8627
2 20092
1 6043
1 17126
1 29115
1 1133
1 21005
1 8056
1 22478
2 22985
2 2178
1 935
1 19000
2 25660
1 21263
1 17724
2 12793
2 25031
1 21695
2 15505
2 12102
1 8512
1 26640
1 21781
2 11781
1 15055
1 7028
2 28108
2 19029
1 6258
2 32209
1 2509
2 1284
2 20089
1 15105
2 20675
1 18454
1 17419
2 2130
1 24429
2 15173
2 11168
2 24839
1 26653
2 26748
1 19332
2 4821
2 9020
2 12378
1 5722
1 6759
1 4037
2 3765
2 5015
2 20443
2 966
1 12053
2 6147
1 25411
1 3298
1 20789
2 20028
1 10533
1 8402
2 32133
2 3890
1 14076
2 7647
1 2475
2 2732
1 20404
2 7017
1 27901
1 16321
1 8241
1 2659
1 25864
1 17760
1 19401
1 9684
2 27149
2 25289
1 18629
1 13144
1 29566
1 30737
1 3300
2 5022
2 3205
2 13986
2 2520
2 8935
2 14462
1 10681
2 31175
1 27021
2 10104
2 3815
2 31692
2 7290
1 15032
2 32400
2 115
2 28076
1 22838
1 25710
1 1601
1 11448
2 5150
1 18447
2 9769
2 14148
1 6992
2 25939
2 28696
2 14731
1 480
1 5359
2 5994
1 16093
2 21143
1 1261
1 28530
1 4636
1 29808
2 16682
1 14327
1 28224
1 24348
1 3030
1 14769
2 32468
2 8063
1 1527
1 13008
1 12407
2 11313
1 10215
2 4981
2 20828
2 2557
2 2513
2 2615
1 458
2 16485
2 31800
1 24736
2 29853
2 7708
1 28784
2 10157
1 32707
2 19850
1 12579
2 13394
1 31936
1 14668
1 27342
1 27635
2 31018
1 16562
2 1089
2 24812
2 14126
1 15423
2 18210
1 16138
2 32265
2 21036
2 22634
2 2063
1 14991
1 6886
2 231
2 8242
1 28584
2 5515
1 17848
2 10909
1 30414
1 27761
1 20693
2 13806
2 4241
2 2463
2 10628
1 14518
1 17683
1 31569
1 15589
1 24061
1 5260
2 10360
1 13927
1 8636
1 30662
2 21816
2 10320
1 15713
1 12450
2 30569
2 1081
1 25678
2 27282
2 23319
1 25487
2 20571
1 11037
2 5890
2 8212
2 7759
1 4703
2 20767
2 15452
2 31339
2 27525
2 21268
2 7249
1 7392
1 3413
1 28351
1 3503
1 5716
2 2724
2 12976
2 8328
1 27745
1 13022
1 28331
1 20417
1 1557
1 25219
2 2088
1 31123
1 26739
1 9124
2 7890
1 10251
2 17136
1 7785
1 267
2 10635
2 19447
1 22926
1 28774
2 31047
2 28006
1 19170
2 13867
2 30664
1 16655
2 14279
2 2007
1 29549
1 23864
1 26036
1 15258
2 229
1 28955
2 6838
2 19671
1 9141
1 12647
1 28138
1 12455
2 18104
1 5308
1 26629
2 31318
2 1179
2 24627
1 29645
1 20453
1 16477
2 980
1 7837
1 11910
1 3541
1 18206
2 10469
1 32547
2 27179
1 17795
1 26279
2 31448
2 17501
2 15081
1 28667
1 24436
1 21948
1 8235
2 8588
2 29692
1 19053
2 6037
1 27929
2 23848
2 14825
1 10603
1 31221
1 16868
2 28541
1 20579
2 5512
2 16336
2 714
2 22054
1 29643
1 12224
2 16454
1 32724
1 16335
2 14909
1 25017
1 2685
2 31799
1 15362
1 5825
2 30632
2 13242
1 31360
1 23887
1 10704
1 31138
2 10330
1 10792
1 20705
1 14927
1 14826
1 24933
1 9920
1 23477
2 2490
1 7923
2 31680
1 11738
1 19724
1 20243
1 4910
2 11097
1 22611
2 5851
1 20422
2 2529
1 13239
1 3251
2 12348
1 6839
1 32661
2 16601
2 7092
2 31535
1 10493
2 5597
2 32330
1 5431
1 28210
2 26918
2 13707
2 28621
2 13101
1 2924
2 19705
1 20356
2 9754
2 2364
1 2699
2 9987
1 13273
2 17271
1 19243
1 22405
1 19583
2 22482
2 12086
2 16730
2 30675
2 22872
1 5888
2 9317
2 14802
1 22755
1 28493
1 20636
2 18219
2 15783
1 19929
1 9868
1 2499
1 28071
2 24017
1 26578
2 30001
1 17982
1 7256
2 22434
1 11075
2 25752
1 25859
2 11075
2 28792
2 15926
2 20061
2 19089
2 28804
2 2413
1 22115
2 24699
2 21200
2 30183
2 24329
2 15235
2 7927
2 13601
1 31412
1 32320
2 29002
1 21228
2 2238
1 8159
2 32589
2 24044
1 8693
2 15518
2 27703
1 24604
2 21788
1 13903
1 28022
1 10055
2 13160
1 9435
2 16168
2 23952
2 11524
1 5821
1 26787
2 29164
1 15758
2 8578
2 20718
1 20643
1 26776
2 16976
2 9030
2 27602
2 1575
2 3676
1 923
2 5100
1 24375
2 13170
1 4880
1 8244
1 6710
1 18545
2 17534
2 26436
2 30597
2 28108
1 241
1 1930
2 24058
1 15882
2 7210
2 32710
1 14176
1 3655
2 6427
2 6029
1 7413
1 32433
2 15982
1 6089
1 21483
2 23308
2 31487
2 21303
1 6632
1 19247
1 6749
1 32487
1 16775
1 21380
2 18765
1 23231
1 7892
1 9611
2 27206
1 10744
1 17363
1 16472
2 14838
1 31648
1 3322
1 24849
1 17340
2 17175
1 32178
1 17265
1 9772
1 16530
2 27866
1 12871
1 10127
1 14747
2 324
1 26616
2 6752
1 398
1 32311
2 16120
2 4560
1 21021
1 24555
2 12885
2 26178
1 29646
2 18448
1 11821
1 2512
2 13944
1 14919
1 12339
2 11460
2 14793
1 10407
2 14382
1 12832
1 1475
1 20537
1 2170
1 29719
2 29498
2 25980
2 13957
1 22673
1 25688
2 4323
2 2898
1 13739
1 19737
2 15186
2 13306
2 1588
1 3023
1 10917
1 16934
1 28209
1 4511
2 28200
1 31894
1 3931
1 23298
2 6944
1 32669
1 11676
2 14406
2 22849
2 11683
2 9109
2 26122
1 16181
2 28578
1 10010
1 30149
1 32540
2 17833
2 23988
1 1600
1 25350
1 10076
2 16671
2 19479
2 6523
2 13426
2 21450
1 27196
1 20979
1 13622
2 9562
1 6772
1 10591
1 27398
2 10023
1 9688
2 26270
1 12503
2 20668
2 11605
1 1800
1 27567
1 5211
1 16941
2 6887
2 19241
1 9079
2 20084
2 29176
1 23029
2 825
2 19859
1 6127
2 24150
1 28924
1 21704
2 8433
2 2722
2 5841
1 27556
2 17944
1 32197
2 4091
2 13452
1 20978
2 5054
2 15732
1 25913
1 23809
1 1568
2 27238
2 3896
2 23101
2 23698
1 16563
1 14443
2 29582
1 11600
2 3438
2 17286
1 13906
1 11688
1 21855
1 10386
2 4061
1 4734
1 14723
2 32109
1 6644
2 16585
1 11145
2 20040
1 14161
1 19987
2 29270
2 17960
2 34
1 20732
1 32386
1 10085
2 32394
2 440
1 3801
2 5166
2 15135
2 10893
2 9436
2 9988
1 6506
1 26710
2 18749
2 23355
1 1130
1 15107
1 8294
2 17788
1 27408
1 26134
1 20210
2 7237
2 3268
2 8487
1 11826
2 4199
2 5600
1 6241
1 20650
1 30086
2 3120
2 15618
1 22162
1 15005
1 2936
1 26079
1 4694
1 12920
1 20974
1 16351
2 32022
2 11320
1 7355
2 3707
1 31526
2 23507
1 21630
1 15428
1 28814
2 4753
1 2505
1 15197
1 9611
1 18320
2 16802
1 13820
2 31501
1 28737
1 4611
2 3821
2 28472
1 10472
2 3675
1 12816
1 29155
2 11552
2 1035
2 13526
1 2331
2 8277
1 1770
1 18120
2 17825
2 9800
2 19905
2 29184
2 1896
1 19342
1 24272
1 11181
1 4632
2 15889
2 3143
1 13459
1 29070
1 21902
2 16589
2 18825
2 11865
1 27670
1 7165
2 9209
1 21054
2 1677
2 24291
1 19044
1 15541
1 19758
2 10372
1 12508
1 18282
1 21509
2 596
2 10632
1 15037
1 13171
2 15549
2 9507
2 4675
1 28845
1 7070
2 17277
1 4419
2 13885
2 21194
2 13305
1 10041
2 23680
1 21125
1 26125
1 9302
2 16934
1 25611
1 2501
1 15870
2 29878
2 5641
2 24640
2 25417
2 10503
2 31009
1 23601
2 24962
2 968
2 11370
2 4703
1 22699
1 12793
2 14830
2 31270
1 32759
2 20847
2 17195
1 32244
2 14927
2 10580
2 32146
1 23501
2 31438
2 12965
1 32523
1 21960
1 31045
2 28850
1 23151
1 12943
1 14007
2 6561
1 3084
2 3555
1 20957
1 3820
2 13860
1 30997
1 11172
2 9694
1 11630
1 27534
2 23466
2 16410
2 21908
2 840
1 29893
2 13332
2 19892
2 5459
1 6524
2 1430
2 27872
2 3665
1 24716
1 28221
2 3741
1 8954
1 2404
2 13817
2 12135
2 20633
1 169
1 23440
2 22828
1 11661
2 13491
1 3356
1 24524
1 2505
2 14862
2 28808
2 28064
1 24404
1 16379
2 15383
1 24560
1 4810
1 21740
1 7901
1 29563
2 985
2 31499
1 31044
1 16627
1 28101
2 3251
2 25992
1 2429
1 6116
1 28917
2 4155
2 21302
2 22050
1 8213
1 24770
1 21929
1 22910
1 30731
1 29143
1 13914
1 20620
1 24834
2 23045
1 5438
1 22513
1 16860
1 17455
2 26945
2 15082
2 17580
1 22537
1 11455
2 966
1 27451
2 29340
2 23051
2 23655
2 29572
1 11975
1 14315
1 16069
2 3127
1 15801
1 30233
2 30059
2 22842
2 3960
2 6596
2 27639
1 18467
1 19293
2 14861
2 20382
1 13503
2 6293
1 3210
2 32678
2 23951
1 13986
1 16839
1 19946
2 10310
1 26072
2 12736
1 3930
1 13900
1 8160
1 22632
2 31865
1 18749
1 8248
2 8741
2 25053
1 30571
2 15537
2 2130
2 8370
2 12376
1 3568
2 32187
1 32567
1 4413
1 26606
2 11044
1 18751
1 2438
1 8825
2 31683
2 16562
2 20307
1 12720
2 31170
2 24074
1 9208
1 3722
2 31422
2 24790
1 26750
1 28495
2 7242
2 12346
1 544
2 20510
2 4205
2 2924
2 3791
1 19301
2 14879
1 2617
1 27055
2 17004
2 6608
1 28030
1 32664
2 21963
1 2530
2 16304
1 29589
2 11759
2 19242
2 17749
2 4968
1 5018
1 24946
2 15752
1 7172
1 22623
2 16378
2 29305
1 19986
2 3882
2 17906
2 6634
2 21101
2 5302
2 2818
1 1459
1 28325
2 26645
1 31683
2 9279
1 2432
2 21291
2 17987
2 20749
1 32628
1 25395
1 5764
1 30000
1 18222
1 12601
1 8957
2 30671
1 26127
1 31391
1 2328
2 32422
2 13481
2 2456
2 31155
1 32387
2 29511
2 28079
2 13727
1 7114
2 11874
1 1089
1 23076
1 23281
2 29484
2 20735
1 32123
1 8452
2 21514
2 9838
1 6994
2 1059
2 15633
2 7783
1 20812
1 27647
2 6288
2 25238
1 27518
2 609
1 17287
2 17663
1 16627
2 29603
2 21032
1 10356
1 24617
2 32564
2 9309
1 14624
2 2962
2 22552
1 19009
1 29952
1 1555
2 21862
2 14501
1 1125
1 12168
2 29385
2 19853
2 25203
1 28991
2 8448
2 9392
1 21925
1 31353
1 26205
1 15356
2 14407
2 19692
1 20297
1 26640
1 4346
2 6467
1 11967
2 6336
2 31540
2 27548
1 11981
1 28052
1 24509
2 10249
1 12566
2 6729
2 32050
2 22288
2 32595
2 6991
1 16518
2 16939
2 19405
2 14921
2 28028
2 24649
1 484
1 25232
1 5935
1 4683
1 26251
2 17840
2 26763
1 12167
2 2249
1 20458
2 15569
2 25161
1 570
2 27825
2 2070
1 21581
1 1933
1 6957
2 4036
1 11078
2 18692
1 21178
1 29464
1 21850
2 8950
2 14185
2 930
2 9635
2 7760
2 7806
1 28105
1 16560
1 16655
1 25329
1 12612
2 22786
1 11976
1 2542
2 27042
2 15248
1 6433
1 14165
1 26306
1 11332
2 85
2 29243
1 5468
2 4731
2 17332
2 14694
1 14199
2 30088
1 544
2 26581
2 27888
1 18737
2 19089
1 26934
2 3066
1 2609
2 7314
1 15981
2 18840
1 10933
2 14530
2 21012
1 12836
1 20191
2 16724
1 7413
2 29132
1 22854
2 10895
2 6802
1 27920
2 18291
1 31567
1 3486
1 10565
2 24166
2 23938
2 5250
2 1301
1 9999
1 32428
2 3545
2 16636
2 15062
1 16483
2 19699
1 22476
2 24595
2 14548
2 7765
1 10027
1 30358
1 828
2 7224
1 26640
2 13345
1 24687
1 21254
1 30537
1 12521
2 10069
1 13792
1 28152
1 17433
1 1384
2 25371
2 2577
1 12366
2 3896
2 14526
2 26334
2 8220
1 8423
2 14598
2 1403
2 29319
2 3757
1 16098
2 9562
2 22411
2 9556
1 631
2 27840
2 15509
2 31421
2 28061
2 24903
2 2312
2 3674
1 16479
2 12378
1 10937
2 14770
2 1408
1 18364
1 29299
1 28897
1 22257
2 15873
2 16500
1 21268
2 29276
1 2834
2 238
1 2833
2 7580
2 4269
2 30854
1 32685
2 23362
1 29412
1 24792
1 21588
2 28433
2 16538
1 21746
2 14726
1 12931
1 27657
1 3541
1 3412
1 14658
1 4926
1 28407
2 19430
1 17840
1 6298
2 25283
1 20472
2 3424
1 2899
2 1815
2 25433
2 19866
1 24562
1 10693
2 8043
1 12251
2 30931
1 5395
2 7589
1 32339
1 32424
1 11323
2 30740
2 10341
1 2294
1 22507
2 6613
1 5930
2 5782
1 17094
1 24477
2 20975
2 22069
2 26082
2 2098
1 29362
2 16085
2 25928
1 29935
2 27304
2 30793
2 15479
1 14916
1 5818
2 5053
1 15073
1 51
2 9220
2 5164
1 20588
1 13012
1 17493
1 18152
2 10738
2 722
1 12978
1 27670
2 7618
2 13804
2 2003
1 12078
2 26653
1 18293
2 24228
2 28544
1 14266
1 22741
1 18629
1 22698
1 2626
1 29189
2 4874
1 19235
1 22740
2 4631
2 23036
2 5299
2 5251
2 4011
2 28246
1 30968
2 29395
1 18811
1 2441
1 2531
2 2623
1 9936
1 21048
2 20536
1 16054
2 26635
1 12477
1 17426
2 32281
1 18205
2 29603
2 5469
2 19647
2 26639
1 17449
2 17498
1 8690
2 6523
2 27333
2 2591
2 5231
1 25872
1 25502
1 4372
2 22249
1 28691
2 17169
2 32119
1 1159
1 11224
1 27182
1 17881
1 15713
1 22093
2 2872
2 23455
2 4871
1 19056
2 32296
2 9089
1 17659
1 8404
1 25898
2 15886
1 19762
1 8224
1 8479
2 8230
2 15510
1 32143
2 5657
2 31615
2 26503
1 28017
1 16354
2 30497
1 25173
2 937
1 5750
1 14314
1 19912
2 25645
2 17028
2 14602
1 29593
1 17290
2 8689
1 29832
1 13046
2 14173
2 7253
1 23484
2 15617
2 22234
1 18300
2 8146
2 8530
2 11081
2 23526
1 19021
1 10864
2 28803
1 31047
2 9602
1 2652
1 9594
2 15111
1 29977
2 22279
2 27823
1 7364
1 32400
2 22230
2 15546
1 11979
2 25015
1 7461
1 24773
1 6819
2 16693
1 30402
1 18705
2 30594
1 15105
1 9837
1 11119
2 28374
1 12522
2 29023
2 29640
1 12478
1 24848
2 31680
1 1175
2 14477
2 20072
1 29999
1 18281
2 24910
2 31036
2 5437
2 3428
1 19003
1 26537
2 26610
1 16317
2 2884
2 32287
2 27207
2 24640
2 14734
2 10213
1 30379
2 22988
2 15345
2 20370
2 383
2 8404
2 28538
2 10133
2 9625
2 9183
2 7143
1 17069
2 196
1 3081
1 14381
1 31858
1 24638
2 19840
2 32501
2 12747
1 15673
2 2056
1 21275
1 18805
2 2395
2 14200
1 29742
1 3202
2 19262
1 13370
1 755
1 20184
1 2801
2 974
2 21986
2 26542
2 3701
1 31048
1 7590
1 31250
2 26177
2 9678
1 22945
2 3430
2 18878
1 6427
1 7271
1 30174
1 17355
2 29182
1 8254
2 3332
1 12090
1 16092
2 11172
1 14901
1 849
1 11817
2 17865
2 19233
2 28747
2 3827
1 15121
1 7246
1 19412
2 8536
1 29075
1 4501
2 19857
1 14091
1 3485
2 24228
1 7061
1 9171
1 26157
2 8058
2 9965
1 32268
2 18809
2 16623
2 22549
1 12068
2 4456
2 14633
1 2944
2 21534
2 2071
1 4136
1 24085
1 28179
2 7254
2 14395
2 18860
1 25260
1 26152
1 13960
2 4501
2 19625
1 31558
1 7048
2 32530
1 7261
2 5020
2 19336
2 28120
1 2096
1 32202
1 5930
2 10385
2 19740
2 25509
1 9186
1 5469
1 16176
2 24244
1 9337
1 12876
1 10768
1 23731
2 24974
2 25062
2 371
2 21523
2 4624
2 1955
1 24996
1 18552
1 965
1 29811
2 24577
1 7994
2 5062
1 9016
1 11135
1 17381
2 30464
1 17735
2 32036
1 7353
1 21172
2 7915
2 22667
2 20266
1 9464
2 13281
2 7268
2 21600
2 32053
2 17373
2 25330
2 23992
1 1191
1 5892
2 12939
2 2370
2 22240
1 6767
1 32283
1 26178
2 10821
2 19631
1 30113
2 18863
2 18575
1 31299
1 9904
1 29366
2 22347
2 18979
1 27887
1 32568
2 28762
1 6713
1 12954
1 12360
1 2674
1 11235
2 255
1 32430
1 12699
1 8307
1 24834
2 32615
2 4020
1 17839
1 2970
1 6178
1 17643
2 12881
1 27217
2 964
1 4168
2 12935
1 26567
1 9958
2 18467
2 1140
2 4144
2 13394
2 8873
1 25773
1 466
2 8585
2 20059
2 27325
2 11656
1 27455
1 23183
2 13730
2 26434
1 10717
2 28653
2 26702
1 18050
2 30207
2 22771
2 30247
1 22240
2 7412
2 23154
1 16263
1 6279
2 9537
2 23567
1 32317
1 20661
1 8989
1 24771
2 522
1 10815
2 23798
1 20314
1 15652
2 9740
1 16363
2 2808
1 8375
2 23445
2 9296
1 23439
2 18783
2 2411
1 25134
1 9835
1 31663
1 30129
2 13760
2 30374
2 28845
2 7837
1 29686
1 21940
2 29267
1 15099
1 3830
1 29657
1 18448
2 2731
1 27286
1 8365
1 29509
2 30494
2 228
2 5023
1 15305
2 989
2 22174
2 1135
1 3173
2 3842
1 16314
1 5043
2 8024
2 25020
1 29663
1 851
1 31445
1 4303
2 29418
2 16141
2 15744
1 11538
2 14698
2 13553
2 15092
2 17391
1 17700
1 32230
1 26688
1 12263
2 27024
2 22051
1 6245
1 14604
1 29787
1 26039
1 2266
2 1413
1 8675
2 22786
1 15881
1 23053
1 25021
2 18746
1 12239
1 10868
1 27442
1 29927
1 17920
2 31261
2 8637
2 18534
2 9440
2 3198
1 18831
2 13930
2 18859
1 26019
2 3084
1 24694
2 30478
1 6827
2 19532
1 3941
1 29099
1 29257
1 19355
1 31714
2 3225
1 21828
1 7672
1 26352
1 1506
2 3832
1 28314
1 612
1 13059
2 24019
2 5222
1 10598
1 32112
1 21465
1 30330
1 26867
1 12046
2 1825
1 16550
1 22622
2 3766
1 4693
2 26605
1 16842
1 19640
1 25910
1 32521
1 6833
1 16214
1 25877
2 23268
2 19553
1 28485
1 23899
1 1824
2 19578
1 29744
2 16386
2 2703
2 1393
2 8501
1 13850
1 31675
2 3856
1 357
2 69
2 25952
1 14067
2 9288
2 10043
1 31470
2 22797
2 14935
2 31815
2 7432
1 2081
1 384
2 27080
2 11783
2 1609
1 422
1 5041
1 13943
2 3442
1 6431
2 18441
1 22936
1 26590
2 22836
1 16236
1 6622
1 22689
1 12963
1 11656
2 28018
2 21541
2 29216
1 8609
1 8879
2 2215
1 3280
2 14093
1 5286
2 14007
1 15565
2 5560
2 12187
2 22971
1 28070
2 17058
1 17798
2 8300
2 30940
1 16476
2 12947
2 13655
1 12901
2 32655
1 20897
2 22366
2 17708
2 8052
1 16582
1 16949
2 24463
2 32349
2 30154
1 26342
1 12256
2 6699
1 8872
2 29773
2 12517
2 16598
2 27153
2 12188
2 18009
2 4329
1 25576
2 7384
2 10600
1 18946
1 29126
2 30554
1 9526
2 27990
2 25464
1 31312
2 9049
1 11819
2 27516
2 31033
1 2138
1 12892
2 25480
1 18540
2 24633
2 8921
1 24835
1 30098
2 23270
2 3109
2 6538
1 20519
2 6344
2 3798
1 5996
1 16893
1 18233
2 24600
2 15918
1 30649
2 3336
2 6698
1 7944
1 22868
2 18166
1 23775
2 7526
1 21147
2 5178
1 15903
1 25448
2 27568
1 13054
2 2660
1 9827
1 12678
2 11487
1 21821
1 15197
2 28265
1 21360
2 22990
2 31637
1 12916
2 3256
1 11085
2 30969
2 11289
2 28591
1 13703
1 685
1 20637
2 12485
2 3417
1 31115
1 21657
2 24155
2 4408
2 29854
2 29818
2 27976
1 22954
2 13733
2 3329
2 5462
2 31178
2 28055
2 964
2 32195
1 4040
1 20761
2 32683
1 14784
2 9574
1 32009
1 29044
2 5365
2 24700
1 10999
2 27696
2 12282
2 885
2 13734
2 19908
2 27871
1 15824
1 28047
2 14185
1 11174
1 19616
2 15711
1 22060
2 22212
1 27404
1 7796
1 31598
2 16292
2 4816
1 23908
2 1381
2 19235
2 3258
2 11894
2 6041
2 28181
1 20782
1 4646
1 9064
2 31167
2 14498
2 2470
1 16515
2 14427
1 31778
1 7000
2 21870
2 22935
1 1486
2 10069
1 4100
1 12054
1 4439
1 3049
1 11761
1 14573
1 7302
1 6676
1 5430
2 551
2 10165
1 23050
1 15529
1 19778
1 18003
1 8116
2 25714
2 4271
2 32612
2 28461
2 7823
1 17238
1 32255
2 12614
1 10064
2 30992
2 4559
1 14339
2 3548
1 20268
1 32659
1 4891
1 11435
2 10474
1 8605
2 13436
2 29193
1 15363
2 22614
1 25797
2 30874
2 27935
1 19129
1 1994
1 28624
1 31837
2 30420
2 12563
1 21622
1 463
1 4682
1 2141
2 31017
2 14843
1 15060
2 32280
1 24281
2 8795
2 30395
1 20455
1 23885
2 26078
1 1375
2 23843
2 7068
2 6501
1 32691
1 19289
2 22709
2 18502
1 18622
1 31431
1 984
1 20685
1 19996
1 19171
2 9499
2 4278
1 6268
1 11988
1 5606
1 25012
2 11296
2 4599
1 2422
1 26093
1 14687
2 3163
1 25950
1 9339
1 7462
2 26437
1 27137
1 30189
2 12658
1 29101
2 11033
1 16580
1 28120
2 9407
2 22580
2 1527
2 22526
1 6235
1 21810
1 15727
2 17439
1 18325
2 8904
2 652
1 25995
2 9526
2 5888
2 4254
1 12068
2 57
1 26039
2 3948
1 994
1 14415
2 31005
2 12209
2 14160
2 16988
2 6712
2 6041
1 24077
1 31991
2 26978
2 8009
2 28236
2 21742
1 9926
1 23893
1 12372
2 14783
2 19175
2 839
1 32513
2 25120
2 28441
1 2591
1 22593
2 24697
1 1542
1 11981
1 15768
1 1893
2 25643
2 16057
2 25756
2 7732
1 6232
1 13371
2 14202
1 25964
1 5171
2 8995
2 9583
2 27459
2 9397
1 30003
1 17231
2 12326
1 15020
1 30368
1 15362
1 6966
2 823
2 12949
1 4354
1 16069
2 20558
1 8111
1 10975
2 27869
1 20791
1 7298
1 14779
1 7098
2 6930
2 15378
1 26062
1 6731
2 334
2 25179
2 20450
2 5301
2 15921
2 12490
1 25048
2 26832
1 27476
2 17090
2 28450
2 19112
2 18980
1 14872
1 9543
2 14589
2 23651
1 7063
1 19555
2 16835
2 19621
1 31613
2 22436
2 5795
1 9940
2 31227
1 17869
1 29048
2 24748
2 4025
2 20918
2 18643
1 12863
2 10832
1 29387
1 21624
2 15986
2 6351
1 11657
1 25054
2 2942
2 18486
1 13316
2 30899
1 19312
1 20478
1 22115
1 20309
1 29866
1 20111
2 17250
1 3930
1 10848
1 5576
1 6352
2 27146
1 29979
2 10107
2 17423
2 31968
2 19258
2 493
1 12950
1 1548
2 26988
2 15451
2 21106
1 26867
2 31542
1 29552
1 25280
1 686
1 4979
2 1488
1 5173
1 20103
1 29904
2 8337
1 31127
1 23167
2 10828
1 7100
1 18497
1 3019
2 28606
2 9936
1 26787
1 13138
1 27214
2 17727
1 22207
1 29232
1 12538
1 6895
2 21165
1 28215
2 9491
2 2234
2 24856
1 22120
2 6846
1 6383
1 7103
2 14206
2 20852
2 15311
1 20981
2 8292
2 15490
2 21521
2 31010
1 5818
2 7049
1 4958
1 27967
1 23380
1 25343
1 9941
1 350
2 32443
1 29869
2 13192
2 24607
2 17834
2 10287
2 8958
2 15420
1 23954
2 9078
1 16303
1 20734
1 24855
2 841
2 8587
1 12998
1 11408
2 21440
1 27251
1 28549
1 651
2 22728
1 21182
1 32580
1 70
2 9890
2 1461
2 1181
1 25143
1 2660
2 19992
2 23871
1 6278
2 17014
1 4759
1 623
1 11150
1 1814
1 8794
2 14721
2 28767
1 25301
1 20857
1 5219
1 3390
1 23319
1 25988
2 16915
2 20004
2 26775
1 20989
1 12068
2 18747
2 16353
1 17625
2 30269
1 21348
1 27094
1 770
1 8346
2 17588
2 11307
1 5336
2 13960
1 3314
1 16875
2 17067
2 8173
2 6170
2 25584
2 24899
2 21694
2 733
1 8558
2 28249
1 23944
1 7967
2 2153
1 32027
1 9192
2 18552
2 7737
2 29355
2 4882
2 2228
1 10253
2 4768
1 2126
2 3155
1 17253
2 23428
2 4981
2 26377
2 20118
1 13141
2 1913
2 10303
2 8523
1 25605
2 23259
2 16272
1 5374
2 26617
1 22579
1 12621
2 23939
1 1677
1 7851
2 6905
1 12669
1 16526
2 29316
2 1998
2 17127
2 3263
1 23951
2 5430
1 1932
2 25685
1 8117
1 26451
1 20879
1 8059
1 28529
1 28024
1 14309
1 8655
2 2640
2 30381
2 20182
2 22243
2 5496
2 5679
1 12415
2 32445
2 19998
2 22509
1 21843
1 19031
2 2574
1 17677
2 15509
1 18463
1 2087
2 14437
1 25823
1 8312
2 4316
2 770
2 5279
2 8760
1 26292
2 24740
1 29333
2 7976
1 1739
2 15424
1 28246
1 6279
1 14671
1 17533
2 30924
2 15239
2 29188
2 20535
1 3252
2 11726
1 193
1 4863
2 1822
2 10742
1 4592
2 8601
2 20464
1 27662
1 32529
2 18045
2 21092
1 28183
1 28472
2 9815
1 17797
2 29831
1 18315
1 13447
1 17590
2 27338
1 27589
2 30625
2 14379
1 4028
1 20149
1 7661
2 3438
2 29232
1 21184
1 25065
1 16347
2 15724
2 31323
1 16066
2 12580
2 21931
2 26769
2 29919
1 20943
1 17561
2 12675
1 24150
1 6579
1 30170
1 31459
1 4981
1 20606
1 17284
2 27768
1 24378
2 9778
2 21153
1 28830
1 987
1 7075
1 16302
2 17603
2 20288
2 15099
2 6942
1 23018
1 32643
2 8246
1 13784
2 1324
2 30583
2 20902
2 15796
1 50
2 17182
1 26736
2 10754
1 14780
2 27697
2 2317
1 30723
1 30237
1 7836
2 11211
1 14190
2 16317
1 7423
1 13641
2 26349
2 10134
1 1327
2 24318
2 8349
1 21943
1 25779
2 28595
2 5778
2 27076
2 7495
1 17412
2 24400
1 11124
2 6492
2 9955
1 4691
1 2834
2 20630
2 31253
1 13448
1 29180
1 7245
2 11955
1 29906
1 25383
1 23565
2 3498
2 14470
1 27545
1 27158
2 20540
1 30702
2 25325
1 24540
1 2173
1 27338
1 31699
2 10888
1 22998
1 1227
2 9358
2 28533
2 389
1 16918
1 14196
1 16563
2 12059
1 17351
2 31601
2 8584
2 11517
2 15467
1 29828
2 23274
2 22756
2 11397
1 1088
2 8199
2 27741
1 28426
2 23116
1 701
1 5450
2 5605
1 13540
2 14370
1 24159
1 5748
1 29014
1 11517
2 26533
2 17929
1 27782
1 27211
1 28410
2 9833
2 13163
1 18876
2 10383
2 593
2 911
1 31283
1 26473
1 23020
2 7059
2 21577
2 5601
1 8030
2 23464
1 32458
1 32292
1 17212
2 13847
2 25398
1 25267
1 4369
2 28602
1 29250
1 26340
2 23515
1 12417
1 14421
1 18271
1 31372
1 25582
1 16907
2 25250
2 5258
2 27033
2 20661
1 4478
1 15919
1 5549
1 24279
2 20375
1 25930
1 360
1 29865
2 13288
2 3484
1 11167
1 19606
2 14653
1 23899
1 26937
1 18368
1 22199
2 31154
2 9647
1 12922
1 26700
2 13119
1 29586
1 22733
1 26436
2 661
1 27909
1 27380
2 29373
2 21688
1 25662
1 12768
2 10280
1 10147
1 25609
2 5044
2 19401
1 30405
1 70
1 26698
1 16699
2 30591
2 30310
1 7596
2 21482
1 9639
1 7666
2 11419
1 20375
2 8201
1 10500
1 23820
2 26839
2 21729
1 13515
1 23206
2 30100
2 32354
1 10763
1 6470
2 30091
2 28467
2 28059
2 2428
2 27341
2 12012
2 24806
2 7435
1 574
1 26269
2 12906
2 7020
2 3097
1 7495
1 32316
2 17995
2 17514
1 17505
1 16002
1 19976
2 27538
1 5205
1 3063
2 5687
2 11974
2 14592
2 11883
2 18977
2 24720
1 20021
2 32065
2 16706
2 333
2 11323
1 4079
2 13257
1 6061
2 1098
1 16001
1 16155
1 22839
2 19730
2 29206
2 14927
1 8898
1 32565
1 17761
2 23219
1 16637
1 8648
2 29993
1 10310
2 2280
1 9942
2 8394
2 16956
1 16472
1 6108
1 23218
2 29565
1 22135
1 4686
2 2277
2 5926
1 27714
1 5136
1 5498
1 19719
1 11529
2 6142
1 28443
1 32292
1 30450
2 613
2 22921
1 12596
2 21367
2 23944
1 3605
1 12068
1 16355
2 26140
2 11304
1 30613
1 17881
2 26572
2 31164
2 1370
2 25549
2 27062
2 29665
1 25339
1 17801
2 10987
1 12089
1 3892
2 19626
2 28403
1 2172
1 12663
1 26912
1 6727
2 9461
1 7782
1 16817
1 7893
1 17155
2 11354
2 11383
2 14464
1 23193
2 22495
2 30557
1 31133
1 3518
1 14389
2 166
2 10103
1 26894
2 17361
2 8038
1 26316
2 29751
2 25817
2 23559
2 14414
1 4733
2 23980
1 30917
1 17699
1 13110
2 32088
1 18994
2 31589
2 21070
1 9249
2 24499
2 31395
1 18629
2 6145
2 31746
1 20573
1 27948
2 10531
1 23978
2 1164
2 1068
1 9831
2 22414
1 30232
2 255
2 8673
2 14690
2 1888
1 5620
2 1369
1 2095
1 6838
2 5359
2 30412
2 1748
2 24288
1 8167
2 3306
2 3712
2 27544
2 10599
2 21398
1 14137
2 11789
2 17677
1 8298
2 20568
2 9568
2 18446
1 14128
1 10506
2 28456
2 14768
2 15977
1 10449
2 9198
1 5070
1 970
2 14337
2 945
1 21336
2 4282
2 30787
2 29283
2 22737
2 3798
2 19734
2 17515
1 6351
1 31853
1 13385
2 23329
2 7294
1 12548
2 28289
1 4437
1 21021
1 12755
2 30649
1 30664
1 11647
1 22086
2 20414
2 25009
2 6284
1 15485
1 4783
1 16697
2 13246
2 3533
2 24963
1 21504
2 26276
1 4925
2 6786
2 8086
2 16482
2 6665
1 25035
2 15874
2 10286
2 10274
2 31181
1 31295
1 24021
2 172
1 27597
1 15546
2 18996
1 30846
1 102
2 18389
2 8128
1 6822
1 2052
2 17511
1 19199
2 7395
1 29545
1 7738
2 13068
1 9257
2 15401
1 12427
2 18967
2 22816
1 7469
1 17038
2 28130
2 19621
1 6963
2 21479
1 6213
1 11336
1 23884
1 14642
2 24491
1 18124
1 21853
2 2172
2 18323
1 24747
1 14494
2 21960
1 24848
2 22671
2 18462
2 16267
2 15177
1 7129
2 26942
1 19248
2 9210
2 27422
1 3633
2 4500
1 14321
2 28325
1 28291
1 15243
1 17298
2 6891
2 3982
2 20058
2 29523
1 25887
2 7430
1 18490
1 21568
1 18342
1 4463
2 3292
2 9337
2 5784
1 11938
2 8671
1 29615
2 9281
1 17995
2 15196
2 5035
1 13729
1 21102
1 6235
2 22727
2 18156
2 24029
2 12122
2 10866
1 8203
1 15555
1 10957
1 25520
1 14618
2 5405
1 13721
2 920
2 28391
2 14140
1 6040
2 11733
2 1913
1 17989
1 8728
2 31526
1 1671
2 12464
2 27740
1 6621
1 20988
1 30924
1 24602
1 15971
1 9850
1 19769
1 5627
2 25523
2 23508
1 29037
1 542
1 23515
2 31123
2 30256
1 28821
2 12414
2 7026
1 16927
2 20966
2 21333
2 9697
2 27181
1 22411
2 7849
2 19077
1 23069
2 24690
2 9690
2 23735
2 19722
1 13694
1 21979
2 30209
1 5600
2 5637
2 26036
1 27300
1 14304
1 5200
1 5886
2 3605
1 20255
2 16926
2 18027
1 18299
1 18695
2 11554
2 19516
1 30259
2 27861
1 11136
2 11464
1 9804
1 13337
2 30803
1 6396
1 5387
2 29498
1 8234
1 16085
1 1384
1 20975
1 15750
1 27112
1 25743
1 5063
1 1374
1 29659
1 15968
2 12450
2 9115
2 1257
2 495
2 15669
1 26524
2 9314
2 5637
2 9098
1 16564
1 6440
1 15773
1 11133
2 2727
2 6707
1 19560
1 21313
1 10800
1 20238
1 11082
2 30681
2 31102
2 8280
1 11482
2 19871
2 1203
2 22596
1 12774
1 10433
1 5731
2 4889
2 7661
2 5567
1 5147
1 32691
1 7075
2 16878
1 10967
2 28672
2 12656
1 13304
2 19339
1 14724
2 9713
1 21593
2 30619
1 26069
2 13430
2 17891
2 23907
2 13088
2 4482
1 3644
2 17584
1 25762
2 16206
2 3675
2 19269
1 25391
1 12870
2 19214
1 29015
2 11695
1 17803
2 1399
2 30224
1 6556
2 32623
2 9098
1 1040
2 25478
2 9725
2 26769
1 11751
1 3983
2 9070
2 32168
2 15005
1 6639
1 15028
1 19009
1 16939
2 30576
1 3059
1 7329
2 6655
2 26099
1 26883
2 8802
1 4476
2 3306
1 31216
1 12527
1 32375
2 28124
2 12666
2 24075
2 6587
2 9445
1 4501
1 26698
1 11142
1 31027
2 16362
2 28565
1 2057
1 15753
1 27220
2 32171
2 23532
2 191
2 31588
2 24219
1 18632
1 3649
2 7902
2 18763
2 20907
2 16012
1 5689
1 22516
1 6040
1 6068
1 23843
2 20643
1 26116
2 15840
1 7675
2 15801
2 3931
2 13260
1 30293
2 22124
1 6520
1 27463
1 2937
2 14149
1 14896
2 9651
1 28388
1 27296
2 9160
2 9351
2 21189
2 16687
1 8570
2 10704
2 3714
2 31351
2 1013
2 18603
1 29489
2 15697
1 24026
1 1485
2 28703
1 24682
1 4159
2 18428
1 1868
1 708
2 10032
1 6291
2 4589
2 29746
2 1577
2 13314
1 21737
2 28128
1 25757
2 27211
2 25949
1 6857
1 6770
1 20358
1 23832
2 28735
1 15490
1 15454
2 24351
2 22119
1 2332
2 7826
2 27690
2 8378
1 9345
1 6517
1 1828
1 22149
2 9575
1 30319
1 10671
2 19305
2 29050
1 25977
2 2207
2 2012
2 27094
2 3493
2 10362
1 422
1 26510
1 28051
1 16895
2 9317
1 2088
1 3069
1 30363
2 10762
1 18975
1 30764
2 21749
1 17242
2 31072
2 6785
1 11620
1 4205
1 27597
1 21741
2 13939
1 26930
1 3517
2 29561
1 356
1 30186
2 15993
2 27839
2 16042
1 6056
2 31937
1 29294
1 21101
2 8407
2 25413
1 20939
2 14602
1 23988
1 29996
1 9259
2 15248
2 27856
2 14993
1 20345
2 29765
1 26512
1 11521
1 22198
1 8991
1 23212
2 29694
1 31348
1 21067
1 3763
2 29055
1 10586
1 19113
2 8325
1 7790
1 16548
1 22606
1 27096
1 14121
1 7328
1 24321
1 14772
1 14337
2 31025
1 16062
2 23799
2 10686
1 8783
2 2103
2 30418
1 15896
1 29830
1 333
2 10569
1 15423
1 11635
2 31131
1 3511
1 15701
2 3146
1 28396
1 32071
2 14575
2 16979
2 448
2 10621
2 24984
2 13159
1 14795
1 1195
2 20814
1 1656
1 6774
2 31356
2 1538
2 1543
1 1884
2 30829
2 11804
2 20652
1 30926
1 17998
2 17653
1 22929
1 80
1 11974
2 32603
1 14583
2 7449
2 30668
2 2065
1 19631
1 24726
2 11055
1 3148
2 10402
1 25320
2 12047
2 6199
1 22347
2 1890
1 11873
2 17264
1 27191
1 4364
1 20847
1 11657
2 23180
1 1827
1 18006
1 19080
1 14719
2 27031
2 6534
1 32615
2 12508
2 13707
2 24134
2 3732
2 21378
2 14808
2 10029
2 21618
2 15844
1 15242
1 20138
1 21463
2 1673
2 27233
2 3964
1 4748
1 32397
1 9554
1 27963
2 17872
1 16926
1 3844
1 27854
1 20181
2 6400
1 29267
1 7410
2 1857
2 9994
1 30417
2 28346
1 23982
1 27814
2 9535
2 24073
2 16939
2 5972
2 15384
1 27161
1 25273
1 8744
1 21511
2 24056
2 14286
2 17992
1 21612
1 26885
1 24789
1 15215
1 14299
2 1912
1 20653
2 18540
1 8349
1 15063
2 18982
1 9124
2 15661
2 4738
2 11399
1 9100
1 31932
1 1064
1 4106
2 16175
1 5037
2 5199
1 12894
1 24238
1 20506
2 20176
1 13092
1 31675
2 15949
1 3929
2 8307
2 4637
1 7496
1 6633
1 21332
1 24624
1 9022
1 856
1 7239
1 30562
2 4631
1 27084
2 16316
1 7350
1 7152
2 32069
1 17050
2 31045
2 6040
1 22546
1 1724
1 6840
1 1300
2 10073
1 14191
1 17359
2 25116
2 9107
2 1525
1 3293
1 20125
1 22797
1 13829
1 21578
1 309
2 16489
1 31305
1 32528
2 3001
2 10011
2 8414
2 2366
1 28594
2 26604
1 4056
2 26232
2 732
1 29563
1 4539
2 12917
2 9126
1 10423
1 29187
1 12672
1 15797
2 32102
2 27037
2 8439
1 7776
1 30369
2 23403
1 22479
2 6453
1 29013
2 24772
2 14094
1 31859
1 15043
2 9714
2 27215
1 21902
2 30977
1 5811
2 30786
2 1455
2 25464
1 23224
2 9002
1 9777
2 19300
2 8745
2 6493
1 15653
1 29783
2 16927
2 30151
1 16846
1 15542
2 8488
2 4199
2 28966
1 5690
1 29639
1 7888
1 29271
1 20080
1 18673
1 9385
1 19267
1 10041
2 26257
1 13358
1 9468
1 16203
2 30213
2 32429
1 24653
1 19119
2 158
1 13578
2 31279
1 6977
2 15396
1 14396
1 16469
2 31026
1 10064
2 6605
2 21921
2 19337
1 30289
1 27742
2 1708
1 4254
2 20295
2 25632
1 28226
1 9886
1 22219
1 18268
2 27107
2 25610
1 3173
2 12012
2 24132
1 56
2 30484
1 5824
1 19404
1 19408
1 8650
1 15962
2 13079
1 14672
1 26605
1 22866
2 18806
1 13705
2 4567
1 4051
1 32109
1 20512
1 16726
2 20252
2 19252
2 13326
1 11821
1 27135
2 24887
2 28704
2 12946
2 2406
1 5269
2 3959
1 10158
2 27849
1 9637
2 520
2 4640
2 31417
1 21612
2 21790
1 7802
1 8537
2 17704
1 15315
1 28098
2 1759
1 13513
2 26523
1 12787
1 2583
2 32114
2 12474
1 6777
2 4833
2 27389
2 3784
2 4281
2 12974
1 24436
1 24884
2 17542
2 5383
2 18329
1 1982
2 2221
1 16390
2 24415
2 19196
2 32618
2 9434
1 18030
2 5334
2 5872
1 71
2 25762
1 30986
1 21989
1 2852
2 7821
1 3496
1 30692
2 31452
1 23025
2 5015
1 23034
1 20973
2 21063
1 28430
2 14121
1 108
1 15675
2 28700
1 13544
2 21631
1 16173
1 27425
2 16288
1 15073
1 12210
1 8531
2 14129
1 20322
2 11793
2 31034
2 27499
2 15717
1 1478
1 1843
2 26774
2 28768
2 25346
1 26097
1 5098
1 5215
2 22313
1 24311
1 6167
1 26241
1 11602
2 25376
2 8639
1 21881
2 3787
1 21271
1 27639
1 29198
1 30611
2 6111
2 7369
1 12188
1 31454
2 2893
2 29109
2 29841
2 22421
2 12425
2 15403
2 31473
1 23763
1 15504
2 11795
2 211
1 7784
2 28341
1 30278
2 18657
2 31066
1 14619
2 11538
1 27356
1 26719
1 14652
2 4282
1 29717
2 10341
1 102
2 4595
1 22517
1 11530
1 11321
2 12392
2 12406
1 25892
1 20266
1 10038
1 20136
1 20282
1 10499
2 26993
1 6957
2 24073
2 12128
1 28318
1 18109
1 11520
2 26164
2 20279
2 19107
2 1220
2 2114
1 12586
2 14654
2 12205
1 32676
1 1114
1 24193
1 7751
1 11848
1 3868
2 12403
1 23506
2 1645
1 19131
1 4016
1 21187
2 29482
2 4085
1 22502
1 24897
1 4328
1 4988
1 16473
2 15784
1 13796
2 12918
2 3167
2 11017
1 19118
2 3837
2 3044
1 32168
2 29356
2 31903
2 27624
2 28540
1 1175
1 15583
1 22268
1 17587
1 21245
2 2995
1 26057
1 16428
1 17597
2 31748
2 24457
1 26619
2 15758
2 9265
2 19083
2 6633
2 22137
2 6796
2 19635
1 28657
2 26202
2 16859
2 23544
2 29891
1 23139
1 26072
2 16101
1 10309
1 24217
1 10162
1 23832
1 21517
1 22101
2 14986
2 24518
2 12264
1 9413
2 28663
1 8757
2 22103
1 17768
1 5250
1 29248
2 2316
2 13461
1 7210
2 8407
2 17778
1 10229
1 7905
2 25213
1 10530
2 5892
1 9485
2 32712
1 9839
2 5012
2 17417
2 21988
2 2267
2 29258
1 2722
2 10000
1 18847
1 17183
2 15770
1 15135
2 13351
2 6624
1 25640
2 20473
1 23187
1 9903
2 9333
2 23064
1 23095
2 7808
1 28704
2 5387
2 28700
1 29596
2 188
2 25590
1 23933
2 24097
1 9293
1 528
2 7243
1 13440
2 22991
1 803
1 25514
2 5118
1 15791
1 9231
1 31858
2 22836
1 17999
2 27464
2 26030
1 26767
1 20614
2 6484
2 18720
1 18128
1 31774
2 26958
2 16315
1 397
1 22612
1 8550
2 26152
1 26542
2 24668
2 29534
1 16706
2 4593
1 18394
2 11534
1 29337
2 15207
1 5994
2 14561
2 15603
1 27125
1 6425
1 28246
1 22726
1 26324
1 5353
1 12928
1 6335
2 1809
2 23890
2 26758
1 24127
1 17421
1 11195
2 12836
1 24024
1 9214
1 19717
2 40
2 13268
1 29292
2 7681
1 29430
1 18607
2 18613
2 22516
1 2820
1 1432
2 26250
1 11546
1 10590
2 22772
1 23151
2 13600
1 24612
2 2779
2 31295
1 10665
1 4871
1 24985
1 11174
2 29386
1 26576
1 5678
2 31909
1 910
2 1753
1 6351
2 3090
2 1651
1 11153
1 9571
1 16917
2 23019
1 1276
2 10246
2 22700
2 23772
1 26161
1 29065
2 13351
1 2848
2 18139
2 15343
1 2989
2 27141
1 5049
1 32498
1 25014
1 17614
1 20253
2 5245
1 19598
1 14640
2 369
1 11567
1 3801
1 5079
2 31149
1 5342
1 9
1 31967
2 24034
2 18194
1 17641
2 29786
2 2994
1 21382
1 22550
1 7888
1 18646
1 4778
2 25216
2 25019
1 17303
2 10788
1 25582
1 20487
1 25429
2 24906
1 11127
1 26264
1 26883
1 17833
1 8202
2 6340
2 24489
1 8066
2 22759
2 11476
1 23776
1 13895
1 1572
2 26759
1 4442
1 25890
2 10537
1 3471
2 10584
2 32623
2 7475
2 9746
1 32049
1 1341
2 28629
2 8491
1 4562
2 10193
2 2418
2 16231
2 26936
1 7715
1 9669
2 20296
1 8952
1 18783
1 7257
1 14788
2 27832
1 10597
1 30993
1 24263
2 17075
2 8522
1 25761
1 16813
1 57
1 3028
1 23827
1 1481
1 16428
2 8194
2 15940
2 15074
1 3460
1 9601
1 6756
1 31152
1 25548
2 31032
1 25209
2 20579
1 32675
1 25022
1 24285
1 32540
2 32572
2 13278
1 30651
2 1138
1 21214
2 18202
1 19862
2 31215
1 32101
2 14885
1 8642
1 16528
1 9407
2 1895
2 3817
1 32073
1 29296
2 27005
1 4488
1 25982
2 17422
2 4023
1 24687
2 23435
2 11206
1 8856
2 5444
1 23357
2 16597
1 6233
1 9472
2 13910
1 16399
2 22887
2 10353
2 8461
1 31836
1 13536
1 29879
1 3724
1 7990
1 9498
1 967
2 23921
1 14637
2 25628
2 11498
2 21581
1 8803
2 20514
1 11583
1 28200
2 11024
1 8222
2 53
2 30459
2 7167
2 26674
1 2066
1 30772
1 1806
1 28214
2 1647
2 30005
2 26546
2 20024
1 25786
2 30678
1 4977
2 28407
1 19634
1 27871
2 31335
2 18024
1 4334
2 20622
2 14274
2 28209
2 25943
1 11031
1 29253
2 2097
1 26537
1 23839
1 3272
2 29429
2 30710
1 15424
1 9911
2 20036
1 24867
2 32648
1 27791
1 20373
1 20841
1 31738
1 14436
2 26259
2 8917
2 12555
1 605
2 12704
2 29641
2 9510
2 8502
2 16975
2 3961
1 4649
2 23230
1 12776
1 9838
1 25062
2 17495
2 1512
1 22279
2 31395
1 29560
2 25727
1 1523
1 23450
2 32302
1 6416
1 1720
2 2426
1 19350
2 26804
2 5167
1 19172
1 13413
1 14007
2 6405
1 13550
1 29537
1 31002
2 18491
2 1955
2 26085
1 32015
1 1447
1 23169
1 7265
1 31616
2 7793
1 6394
2 15063
1 32137
2 20887
2 20212
2 10591
2 4345
1 10346
1 17738
1 5284
1 19669
1 7951
1 28232
1 15973
2 9685
1 7423
2 8755
1 7669
2 4837
1 15751
2 11198
2 20668
1 421
1 26696
1 9366
1 23219
1 6889
2 14776
2 8663
1 14060
2 22330
2 15264
2 12436
1 14343
2 25427
2 28060
1 8787
2 14526
2 21669
1 7581
2 10639
1 7258
1 11731
1 4202
2 17972
1 7996
1 13111
1 31259
2 551
1 30549
1 3931
1 18077
1 32188
1 17582
1 18305
2 12849
1 19517
2 20961
1 28
2 12781
1 8297
2 9373
2 4436
1 11321
2 18675
1 24103
1 27526
1 339
2 31999
2 27604
2 19394
1 25548
1 30889
1 1935
1 16459
2 264
1 27006
2 2137
1 32026
1 31170
1 11008
1 708
2 91
1 10886
2 21286
2 14711
2 1775
2 17461
2 3802
2 23982
2 20712
1 13445
2 20089
2 8119
1 13840
2 24190
1 16983
2 3957
1 2659
1 8957
2 10040
2 19680
2 21136
2 14645
1 25304
1 2180
2 18556
2 22314
2 28772
2 21502
2 12223
1 10804
2 7423
2 17026
2 31268
2 8066
1 5182
1 22872
2 15405
2 31892
1 15532
2 20570
1 29070
1 18368
2 25670
2 8823
1 4525
1 174
2 15616
2 28211
2 29736
2 10459
1 10559
1 9765
1 1359
1 7194
1 22621
1 4471
2 19110
1 14606
2 13096
1 7274
2 14180
1 22962
1 6243
1 30927
2 20727
2 7121
1 26947
1 3727
1 9085
1 31118
2 26099
1 15397
1 1612
1 12766
2 23057
2 26398
1 12396
1 265
2 6447
2 23712
2 7447
2 10540
1 19283
2 480
2 16448
2 19130
2 2423
2 21674
2 2825
1 3318
2 18953
1 15325
2 16459
2 5755
2 7532
2 10220
2 6418
1 21940
1 14965
1 862
2 14623
2 6500
2 23280
1 29519
1 29540
2 31007
2 26649
2 26605
1 24203
2 3535
1 30498
2 31996
1 14704
2 31281
1 5555
1 10835
1 8098
1 17237
2 26214
2 17500
1 3558
2 31009
2 3399
2 19607
1 14003
1 11983
2 27738
1 4632
2 9911
2 17258
1 12309
1 8709
2 14673
2 31317
2 11233
1 2073
2 23829
1 25540
2 1693
1 24355
1 10316
2 5441
1 14108
1 12680
1 15729
2 12840
2 20642
2 10685
1 32693
1 17452
1 8042
2 4813
2 6012
2 25552
2 5411
2 10457
1 18141
2 12526
2 1390
1 14739
1 3621
2 6963
2 12898
1 5314
1 8277
1 31393
2 10504
1 19650
2 10144
1 30732
1 28128
2 18177
2 23022
1 17822
1 31066
1 7298
2 23900
1 10067
2 1117
1 19038
1 31929
2 19325
2 9412
1 12862
2 11275
2 29505
1 14812
2 27362
2 23816
1 27416
2 10471
1 24733
2 9117
1 21328
1 27036
2 17879
1 10858
2 14472
2 25253
1 21386
2 30532
1 31799
2 5663
1 22981
1 32690
1 3366
1 7709
2 8236
1 3440
1 28657
1 31014
1 5750
1 29423
2 6026
2 9907
2 21742
2 4051
1 3510
2 5042
1 27890
1 9588
1 27534
1 22277
1 2423
1 31581
1 8703
2 15875
1 24451
1 21456
1 4683
2 10486
2 28337
2 12353
2 30342
1 14236
1 4529
2 26070
2 6681
2 17830
2 24262
2 493
2 25155
2 14140
1 22598
1 32406
1 9874
1 5495
2 27933
2 18196
1 22894
1 31461
1 18762
2 3169
1 143
